1008677,千葉県,千葉市花見川区,宇那谷町１５０１−２（銀座郵便局私書箱第２０１１号）
2600000,千葉県,千葉市中央区,
2600001,千葉県,千葉市中央区,都町
2600002,千葉県,千葉市中央区,旭町
2600003,千葉県,千葉市中央区,鶴沢町
2600004,千葉県,千葉市中央区,東本町
2600005,千葉県,千葉市中央区,道場南
2600006,千葉県,千葉市中央区,道場北
2600007,千葉県,千葉市中央区,祐光
2600011,千葉県,千葉市中央区,亀井町
2600012,千葉県,千葉市中央区,本町
2600013,千葉県,千葉市中央区,中央
2600014,千葉県,千葉市中央区,本千葉町
2600015,千葉県,千葉市中央区,富士見
2600016,千葉県,千葉市中央区,栄町
2600017,千葉県,千葉市中央区,要町
2600018,千葉県,千葉市中央区,院内
2600021,千葉県,千葉市中央区,新宿
2600022,千葉県,千葉市中央区,神明町
2600023,千葉県,千葉市中央区,出洲港
2600024,千葉県,千葉市中央区,中央港
2600025,千葉県,千葉市中央区,問屋町
2600026,千葉県,千葉市中央区,千葉港
2600027,千葉県,千葉市中央区,新田町
2600028,千葉県,千葉市中央区,新町
2600031,千葉県,千葉市中央区,新千葉
2600032,千葉県,千葉市中央区,登戸
2600033,千葉県,千葉市中央区,春日
2600034,千葉県,千葉市中央区,汐見丘町
2600041,千葉県,千葉市中央区,東千葉
2600042,千葉県,千葉市中央区,椿森
2600044,千葉県,千葉市中央区,松波
2600045,千葉県,千葉市中央区,弁天
2600801,千葉県,千葉市中央区,仁戸名町
2600802,千葉県,千葉市中央区,川戸町
2600803,千葉県,千葉市中央区,花輪町
2600804,千葉県,千葉市中央区,赤井町
2600805,千葉県,千葉市中央区,宮崎町
2600806,千葉県,千葉市中央区,宮崎
2600807,千葉県,千葉市中央区,松ケ丘町
2600808,千葉県,千葉市中央区,星久喜町
2600811,千葉県,千葉市中央区,大森町
2600812,千葉県,千葉市中央区,大巌寺町
2600813,千葉県,千葉市中央区,生実町
2600814,千葉県,千葉市中央区,南生実町
2600815,千葉県,千葉市中央区,今井町
2600816,千葉県,千葉市中央区,鵜の森町
2600821,千葉県,千葉市中央区,若草
2600822,千葉県,千葉市中央区,蘇我
2600822,千葉県,千葉市中央区,蘇我町
2600823,千葉県,千葉市中央区,塩田町
2600824,千葉県,千葉市中央区,浜野町
2600825,千葉県,千葉市中央区,村田町
2600826,千葉県,千葉市中央区,新浜町
2600831,千葉県,千葉市中央区,港町
2600832,千葉県,千葉市中央区,寒川町
2600833,千葉県,千葉市中央区,稲荷町
2600834,千葉県,千葉市中央区,今井
2600835,千葉県,千葉市中央区,川崎町
2600841,千葉県,千葉市中央区,白旗
2600842,千葉県,千葉市中央区,南町
2600843,千葉県,千葉市中央区,末広
2600844,千葉県,千葉市中央区,千葉寺町
2600851,千葉県,千葉市中央区,矢作町
2600852,千葉県,千葉市中央区,青葉町
2600853,千葉県,千葉市中央区,葛城
2600854,千葉県,千葉市中央区,長洲
2600855,千葉県,千葉市中央区,市場町
2600856,千葉県,千葉市中央区,亥鼻
2600857,千葉県,千葉市中央区,亀岡町
2608501,千葉県,千葉市中央区,中央４丁目１７−８
2608502,千葉県,千葉市中央区,中央港１丁目１３−３
2608503,千葉県,千葉市中央区,中央港１−１７−１
2608505,千葉県,千葉市中央区,千葉港８−４
2608506,千葉県,千葉市中央区,中央４丁目１１−１千葉第２地方合同庁舎３階
2608507,千葉県,千葉市中央区,千葉港５番７号
2608508,千葉県,千葉市中央区,千葉港４−３
2608509,千葉県,千葉市中央区,千葉港５番７号
2608510,千葉県,千葉市中央区,中央港１丁目１３−１
2608511,千葉県,千葉市中央区,中央４丁目５−１
2608512,千葉県,千葉市中央区,弁天１丁目１７−１
2608513,千葉県,千葉市中央区,中央港１丁目１１−３
2608515,千葉県,千葉市中央区,千葉港３−３６
2608516,千葉県,千葉市中央区,千葉港７−５
2608518,千葉県,千葉市中央区,中央港１丁目１１−３千葉地方合同庁舎
2608521,千葉県,千葉市中央区,問屋町２−１
2608523,千葉県,千葉市中央区,問屋町１−１１
2608524,千葉県,千葉市中央区,問屋町１６−３
2608527,千葉県,千葉市中央区,問屋町１番３５号千葉ポートサイドタワー２０階
2608528,千葉県,千葉市中央区,問屋町１番３５号千葉ポートサイドタワー２０階
2608534,千葉県,千葉市中央区,問屋町１４−２
2608535,千葉県,千葉市中央区,問屋町５−４２
2608536,千葉県,千葉市中央区,問屋町１５−８
2608538,千葉県,千葉市中央区,登戸２丁目２−７
2608540,千葉県,千葉市中央区,新町１０００番地
2608551,千葉県,千葉市中央区,弁天２−２３−３
2608552,千葉県,千葉市中央区,弁天１−５−１−４階
2608554,千葉県,千葉市中央区,新町１８−１４千葉新町ビル５階
2608555,千葉県,千葉市中央区,新町２４−９
2608557,千葉県,千葉市中央区,新町１０００
2608558,千葉県,千葉市中央区,新宿２丁目１−２４
2608559,千葉県,千葉市中央区,新町３−１３千葉ＴＮビル５Ｆ
2608560,千葉県,千葉市中央区,鶴沢町２０−１６
2608561,千葉県,千葉市中央区,都町１２５４−７９
2608562,千葉県,千葉市中央区,都町１丁目１−３０千葉県警都町庁舎内
2608563,千葉県,千葉市中央区,登戸２−２−７
2608564,千葉県,千葉市中央区,問屋町１番３５号ポートサイドタワー２８階
2608566,千葉県,千葉市中央区,中央４丁目１３番１０号千葉県教育会館別館４階
2608567,千葉県,千葉市中央区,都町２丁目１９−３
2608570,千葉県,千葉市中央区,院内２−１−１５
2608572,千葉県,千葉市中央区,本千葉町１０−２３
2608575,千葉県,千葉市中央区,本千葉町１０−２３
2608577,千葉県,千葉市中央区,祐光１丁目１−１
2608580,千葉県,千葉市中央区,祐光１丁目１−１
2608585,千葉県,千葉市中央区,本千葉町９−２１
2608586,千葉県,千葉市中央区,要町５−７
2608588,千葉県,千葉市中央区,祐光４丁目１８−３
2608601,千葉県,千葉市中央区,弁天２丁目８番９号
2608603,千葉県,千葉市中央区,弁天１丁目１３−１
2608604,千葉県,千葉市中央区,富士見２−２０−１日本生命千葉ビル８Ｆ
2608606,千葉県,千葉市中央区,椿森４丁目１−２
2608607,千葉県,千葉市中央区,椿森５丁目６−１
2608610,千葉県,千葉市中央区,千葉港５番１号
2608612,千葉県,千葉市中央区,中央４丁目１１−１
2608613,千葉県,千葉市中央区,中央３丁目１０−６北野京葉ビル２Ｆ
2608618,千葉県,千葉市中央区,千葉寺町１２０８−２千葉市ハーモニープラザ内
2608619,千葉県,千葉市中央区,市場町１−１
2608620,千葉県,千葉市中央区,中央４丁目１１−１
2608621,千葉県,千葉市中央区,中央１丁目１番３号住友・りそな千葉ビル６Ｆ
2608622,千葉県,千葉市中央区,中央３丁目９−１６三井生命千葉中央ビル８Ｆ
2608624,千葉県,千葉市中央区,中央３丁目９−１６三井生命千葉中央ビル８Ｆ
2608625,千葉県,千葉市中央区,中央４−１１−１千葉第二地方合同庁舎４階
2608626,千葉県,千葉市中央区,中央１丁目１１−１
2608627,千葉県,千葉市中央区,中央４丁目１３−１０千葉県教育会館６Ｆ
2608629,千葉県,千葉市中央区,市場町１番１号
2608631,千葉県,千葉市中央区,富士見２丁目６−１
2608633,千葉県,千葉市中央区,富士見１丁目１５−９
2608635,千葉県,千葉市中央区,富士見２丁目９−５
2608636,千葉県,千葉市中央区,富士見２−３−１
2608637,千葉県,千葉市中央区,問屋町１−３５千葉ポートサイドタワー２３Ｆ
2608642,千葉県,千葉市中央区,富士見２丁目２２−２
2608645,千葉県,千葉市中央区,富士見２丁目２０−１日本生命千葉ビル
2608647,千葉県,千葉市中央区,富士見２−２０−１日本生命千葉ビル３Ｆ
2608648,千葉県,千葉市中央区,富士見２−２０−１日本生命千葉ビル５Ｆ
2608654,千葉県,千葉市中央区,都町１丁目１−２０
2608656,千葉県,千葉市中央区,長洲２丁目２１−８
2608660,千葉県,千葉市中央区,市場町１１−１
2608661,千葉県,千葉市中央区,市場町１１−２
2608662,千葉県,千葉市中央区,市場町１−１
2608663,千葉県,千葉市中央区,川崎町１−３９
2608665,千葉県,千葉市中央区,市場町１−１
2608666,千葉県,千葉市中央区,市場町３−１
2608667,千葉県,千葉市中央区,市場町１−１
2608668,千葉県,千葉市中央区,長洲１丁目９番１号
2608670,千葉県,千葉市中央区,亥鼻１丁目８−１
2608671,千葉県,千葉市中央区,亥鼻１丁目８−１
2608672,千葉県,千葉市中央区,亥鼻１丁目８−１
2608673,千葉県,千葉市中央区,亥鼻１丁目８−１
2608675,千葉県,千葉市中央区,亥鼻１丁目８−１
2608677,千葉県,千葉市中央区,亥鼻１丁目８−１
2608682,千葉県,千葉市中央区,青葉町９５５−２
2608685,千葉県,千葉市中央区,南生実町１４１２
2608688,千葉県,千葉市中央区,蘇我５−９−１
2608701,千葉県,千葉市中央区,大巌寺町２００
2608703,千葉県,千葉市中央区,仁戸名町６７３
2608707,千葉県,千葉市中央区,宮崎２丁目１１−１５
2608710,千葉県,千葉市中央区,仁戸名町６８２
2608712,千葉県,千葉市中央区,仁戸名町６７３番地
2608713,千葉県,千葉市中央区,星久喜町１２０３
2608715,千葉県,千葉市中央区,仁戸名町６６６−２
2608717,千葉県,千葉市中央区,仁戸名町６６６−２
2608720,千葉県,千葉市中央区,千葉港１−２（千葉中央郵便局私書箱第１１号）
2608722,千葉県,千葉市中央区,千葉港１−１
2608730,千葉県,千葉市中央区,問屋町１−３５千葉サポートサイドタワー１１Ｆ・１２Ｆ（千葉中央郵便局私書箱第８０号）
2608733,千葉県,千葉市中央区,中央４丁目５番１号
2608734,千葉県,千葉市中央区,中央３丁目１０番８号千葉市中央区役所４階
2610000,千葉県,千葉市美浜区,
2610001,千葉県,千葉市美浜区,幸町
2610002,千葉県,千葉市美浜区,新港
2610003,千葉県,千葉市美浜区,高浜
2610004,千葉県,千葉市美浜区,高洲
2610005,千葉県,千葉市美浜区,稲毛海岸
2610011,千葉県,千葉市美浜区,真砂
2610012,千葉県,千葉市美浜区,磯辺
2610013,千葉県,千葉市美浜区,打瀬
2610014,千葉県,千葉市美浜区,若葉
2610021,千葉県,千葉市美浜区,ひび野
2610022,千葉県,千葉市美浜区,美浜
2610023,千葉県,千葉市美浜区,中瀬
2610024,千葉県,千葉市美浜区,豊砂
2610025,千葉県,千葉市美浜区,浜田
2610026,千葉県,千葉市美浜区,幕張西
2617101,千葉県,千葉市美浜区,中瀬ワールドビジネスガーデン
2617102,千葉県,千葉市美浜区,中瀬ワールドビジネスガーデン
2617103,千葉県,千葉市美浜区,中瀬ワールドビジネスガーデン
2617104,千葉県,千葉市美浜区,中瀬ワールドビジネスガーデン
2617105,千葉県,千葉市美浜区,中瀬ワールドビジネスガーデン
2617106,千葉県,千葉市美浜区,中瀬ワールドビジネスガーデン
2617107,千葉県,千葉市美浜区,中瀬ワールドビジネスガーデン
2617108,千葉県,千葉市美浜区,中瀬ワールドビジネスガーデン
2617109,千葉県,千葉市美浜区,中瀬ワールドビジネスガーデン
2617110,千葉県,千葉市美浜区,中瀬ワールドビジネスガーデン
2617111,千葉県,千葉市美浜区,中瀬ワールドビジネスガーデン
2617112,千葉県,千葉市美浜区,中瀬ワールドビジネスガーデン
2617113,千葉県,千葉市美浜区,中瀬ワールドビジネスガーデン
2617114,千葉県,千葉市美浜区,中瀬ワールドビジネスガーデン
2617115,千葉県,千葉市美浜区,中瀬ワールドビジネスガーデン
2617116,千葉県,千葉市美浜区,中瀬ワールドビジネスガーデン
2617117,千葉県,千葉市美浜区,中瀬ワールドビジネスガーデン
2617118,千葉県,千葉市美浜区,中瀬ワールドビジネスガーデン
2617119,千葉県,千葉市美浜区,中瀬ワールドビジネスガーデン
2617120,千葉県,千葉市美浜区,中瀬ワールドビジネスガーデン
2617121,千葉県,千葉市美浜区,中瀬ワールドビジネスガーデン
2617122,千葉県,千葉市美浜区,中瀬ワールドビジネスガーデン
2617123,千葉県,千葉市美浜区,中瀬ワールドビジネスガーデン
2617124,千葉県,千葉市美浜区,中瀬ワールドビジネスガーデン
2617125,千葉県,千葉市美浜区,中瀬ワールドビジネスガーデン
2617126,千葉県,千葉市美浜区,中瀬ワールドビジネスガーデン
2617127,千葉県,千葉市美浜区,中瀬ワールドビジネスガーデン
2617128,千葉県,千葉市美浜区,中瀬ワールドビジネスガーデン
2617129,千葉県,千葉市美浜区,中瀬ワールドビジネスガーデン
2617130,千葉県,千葉市美浜区,中瀬ワールドビジネスガーデン
2617131,千葉県,千葉市美浜区,中瀬ワールドビジネスガーデン
2617132,千葉県,千葉市美浜区,中瀬ワールドビジネスガーデン
2617133,千葉県,千葉市美浜区,中瀬ワールドビジネスガーデン
2617134,千葉県,千葉市美浜区,中瀬ワールドビジネスガーデン
2617135,千葉県,千葉市美浜区,中瀬ワールドビジネスガーデン
2617190,千葉県,千葉市美浜区,中瀬ワールドビジネスガーデン
2618501,千葉県,千葉市美浜区,中瀬１丁目３
2618502,千葉県,千葉市美浜区,真砂１丁目２−２
2618503,千葉県,千葉市美浜区,高洲３−１３−２
2618504,千葉県,千葉市美浜区,中瀬１−５−１
2618507,千葉県,千葉市美浜区,中瀬１−８
2618508,千葉県,千葉市美浜区,真砂４−１−４
2618510,千葉県,千葉市美浜区,中瀬１−３
2618512,千葉県,千葉市美浜区,幸町１丁目６−５
2618513,千葉県,千葉市美浜区,高洲３−１３−１
2618515,千葉県,千葉市美浜区,中瀬１丁目５−１
2618520,千葉県,千葉市美浜区,中瀬１丁目９番２号
2618521,千葉県,千葉市美浜区,幸町１丁目２１−１９
2618522,千葉県,千葉市美浜区,中瀬１−１
2618530,千葉県,千葉市美浜区,新港２２
2618533,千葉県,千葉市美浜区,ひび野２−１−１
2618535,千葉県,千葉市美浜区,豊砂１−１
2618539,千葉県,千葉市美浜区,中瀬一丁目５番地１
2618544,千葉県,千葉市美浜区,中瀬１−７−２
2618545,千葉県,千葉市美浜区,若葉３−２−２
2618550,千葉県,千葉市美浜区,中瀬２−１
2618552,千葉県,千葉市美浜区,中瀬１丁目３番地幕張テクノガーデンＤ棟５階
2618553,千葉県,千葉市美浜区,中瀬１丁目３番地幕張テクノガーデンＤ棟５階
2618554,千葉県,千葉市美浜区,中瀬１丁目３幕張テクノガーデンＤ棟２１階
2618555,千葉県,千葉市美浜区,中瀬１丁目３
2618558,千葉県,千葉市美浜区,若葉３−１−２
2618566,千葉県,千葉市美浜区,中瀬１丁目９−１
2618568,千葉県,千葉市美浜区,中瀬１丁目７−１
2618575,千葉県,千葉市美浜区,中瀬２丁目６ワールドビジネスガーデンマリブウエスト１３Ｆ
2618577,千葉県,千葉市美浜区,中瀬一丁目１０番１
2618581,千葉県,千葉市美浜区,真砂５丁目１５−２
2618582,千葉県,千葉市美浜区,真砂５丁目１５番１号
2618585,千葉県,千葉市美浜区,稲毛海岸４丁目５番１号
2618586,千葉県,千葉市美浜区,若葉２丁目１１
2618587,千葉県,千葉市美浜区,美浜１
2618588,千葉県,千葉市美浜区,中瀬１−９−３
2618609,千葉県,千葉市美浜区,幸町１丁目１番３号
2618686,千葉県,千葉市美浜区,若葉２丁目１１（美浜郵便局私書箱第５号）
2618733,千葉県,千葉市美浜区,真砂５丁目１５番１号
2620000,千葉県,千葉市花見川区,
2620001,千葉県,千葉市花見川区,横戸町
2620002,千葉県,千葉市花見川区,内山町
2620003,千葉県,千葉市花見川区,宇那谷町
2620004,千葉県,千葉市花見川区,大日町
2620005,千葉県,千葉市花見川区,こてはし台
2620006,千葉県,千葉市花見川区,横戸台
2620007,千葉県,千葉市花見川区,み春野
2620011,千葉県,千葉市花見川区,三角町
2620012,千葉県,千葉市花見川区,千種町
2620013,千葉県,千葉市花見川区,犢橋町
2620014,千葉県,千葉市花見川区,さつきが丘
2620015,千葉県,千葉市花見川区,宮野木台
2620016,千葉県,千葉市花見川区,西小中台
2620017,千葉県,千葉市花見川区,朝日ケ丘町
2620018,千葉県,千葉市花見川区,畑町
2620019,千葉県,千葉市花見川区,朝日ケ丘
2620021,千葉県,千葉市花見川区,花園町
2620022,千葉県,千葉市花見川区,南花園
2620023,千葉県,千葉市花見川区,検見川町
2620024,千葉県,千葉市花見川区,浪花町
2620025,千葉県,千葉市花見川区,花園
2620026,千葉県,千葉市花見川区,瑞穂
2620031,千葉県,千葉市花見川区,武石町
2620032,千葉県,千葉市花見川区,幕張町
2620033,千葉県,千葉市花見川区,幕張本郷
2620041,千葉県,千葉市花見川区,柏井町
2620042,千葉県,千葉市花見川区,花島町
2620043,千葉県,千葉市花見川区,天戸町
2620044,千葉県,千葉市花見川区,長作町
2620045,千葉県,千葉市花見川区,作新台
2620046,千葉県,千葉市花見川区,花見川
2620047,千葉県,千葉市花見川区,長作台
2620048,千葉県,千葉市花見川区,柏井
2628502,千葉県,千葉市花見川区,武石町１丁目５２０
2628506,千葉県,千葉市花見川区,柏井町８００−１
2628510,千葉県,千葉市花見川区,瑞穂１丁目１番地
2628511,千葉県,千葉市花見川区,柏井町１１３２−１
2628512,千葉県,千葉市花見川区,幕張町５丁目４１７−２４
2628733,千葉県,千葉市花見川区,瑞穂１丁目１番地
2630000,千葉県,千葉市稲毛区,
2630001,千葉県,千葉市稲毛区,長沼原町
2630002,千葉県,千葉市稲毛区,山王町
2630003,千葉県,千葉市稲毛区,小深町
2630004,千葉県,千葉市稲毛区,六方町
2630005,千葉県,千葉市稲毛区,長沼町
2630011,千葉県,千葉市稲毛区,天台町
2630012,千葉県,千葉市稲毛区,萩台町
2630013,千葉県,千葉市稲毛区,千草台
2630014,千葉県,千葉市稲毛区,作草部町
2630015,千葉県,千葉市稲毛区,作草部
2630016,千葉県,千葉市稲毛区,天台
2630021,千葉県,千葉市稲毛区,轟町
2630022,千葉県,千葉市稲毛区,弥生町
2630023,千葉県,千葉市稲毛区,緑町
2630024,千葉県,千葉市稲毛区,穴川
2630025,千葉県,千葉市稲毛区,穴川町
2630031,千葉県,千葉市稲毛区,稲毛東
2630032,千葉県,千葉市稲毛区,稲毛台町
2630033,千葉県,千葉市稲毛区,稲丘町
2630034,千葉県,千葉市稲毛区,稲毛
2630035,千葉県,千葉市稲毛区,稲毛町
2630041,千葉県,千葉市稲毛区,黒砂台
2630042,千葉県,千葉市稲毛区,黒砂
2630043,千葉県,千葉市稲毛区,小仲台
2630044,千葉県,千葉市稲毛区,小中台町
2630051,千葉県,千葉市稲毛区,園生町
2630052,千葉県,千葉市稲毛区,あやめ台
2630053,千葉県,千葉市稲毛区,柏台
2630054,千葉県,千葉市稲毛区,宮野木町
2638505,千葉県,千葉市稲毛区,長沼原町７３１−１７
2638506,千葉県,千葉市稲毛区,長沼町３３４−２
2638512,千葉県,千葉市稲毛区,山王町２９５番地３
2638522,千葉県,千葉市稲毛区,弥生町１−３３
2638533,千葉県,千葉市稲毛区,穴川３−３−１７
2638550,千葉県,千葉市稲毛区,穴川４丁目１２番４号
2638555,千葉県,千葉市稲毛区,穴川４丁目９−１
2638566,千葉県,千葉市稲毛区,天台６丁目４番３号
2638577,千葉県,千葉市稲毛区,小仲台５丁目１０番２号
2638585,千葉県,千葉市稲毛区,轟町４丁目３−３０
2638588,千葉県,千葉市稲毛区,穴川１丁目５−２１
2638733,千葉県,千葉市稲毛区,穴川４丁目１２−１
2640000,千葉県,千葉市若葉区,
2640001,千葉県,千葉市若葉区,金親町
2640002,千葉県,千葉市若葉区,千城台東
2640003,千葉県,千葉市若葉区,千城台南
2640004,千葉県,千葉市若葉区,千城台西
2640005,千葉県,千葉市若葉区,千城台北
2640006,千葉県,千葉市若葉区,小倉台
2640007,千葉県,千葉市若葉区,小倉町
2640011,千葉県,千葉市若葉区,大草町
2640012,千葉県,千葉市若葉区,坂月町
2640013,千葉県,千葉市若葉区,太田町
2640014,千葉県,千葉市若葉区,北大宮台
2640015,千葉県,千葉市若葉区,大宮台
2640016,千葉県,千葉市若葉区,大宮町
2640017,千葉県,千葉市若葉区,加曽利町
2640020,千葉県,千葉市若葉区,貝塚
2640021,千葉県,千葉市若葉区,若松町
2640023,千葉県,千葉市若葉区,貝塚町
2640024,千葉県,千葉市若葉区,高品町
2640025,千葉県,千葉市若葉区,都賀
2640026,千葉県,千葉市若葉区,西都賀
2640027,千葉県,千葉市若葉区,若松台
2640028,千葉県,千葉市若葉区,桜木
2640029,千葉県,千葉市若葉区,桜木北
2640031,千葉県,千葉市若葉区,愛生町
2640032,千葉県,千葉市若葉区,みつわ台
2640033,千葉県,千葉市若葉区,都賀の台
2640034,千葉県,千葉市若葉区,原町
2640035,千葉県,千葉市若葉区,東寺山町
2640036,千葉県,千葉市若葉区,殿台町
2640037,千葉県,千葉市若葉区,源町
2648501,千葉県,千葉市若葉区,若松町９０２
2648505,千葉県,千葉市若葉区,大宮町２６９９−１
2648510,千葉県,千葉市若葉区,若松町５３１−１３０
2648530,千葉県,千葉市若葉区,若松町５３１−４８６
2648550,千葉県,千葉市若葉区,貝塚町１２５８番地２０
2648582,千葉県,千葉市若葉区,桜木北２丁目１番１号
2648585,千葉県,千葉市若葉区,貝塚町１９２
2648604,千葉県,千葉市中央区,富士見１丁目１４−１３（若葉郵便局私書箱第６１号）
2648646,千葉県,千葉市中央区,中央３丁目２番１号（若葉郵便局私書箱第９０号）
2648733,千葉県,千葉市若葉区,桜木町５６７−１
2650041,千葉県,千葉市若葉区,富田町
2650042,千葉県,千葉市若葉区,古泉町
2650043,千葉県,千葉市若葉区,中田町
2650044,千葉県,千葉市若葉区,下泉町
2650045,千葉県,千葉市若葉区,上泉町
2650046,千葉県,千葉市若葉区,小間子町
2650051,千葉県,千葉市若葉区,中野町
2650052,千葉県,千葉市若葉区,和泉町
2650053,千葉県,千葉市若葉区,野呂町
2650061,千葉県,千葉市若葉区,高根町
2650062,千葉県,千葉市若葉区,川井町
2650063,千葉県,千葉市若葉区,五十土町
2650064,千葉県,千葉市若葉区,大広町
2650065,千葉県,千葉市若葉区,佐和町
2650066,千葉県,千葉市若葉区,多部田町
2650067,千葉県,千葉市若葉区,北谷津町
2650071,千葉県,千葉市若葉区,旦谷町
2650072,千葉県,千葉市若葉区,谷当町
2650073,千葉県,千葉市若葉区,更科町
2650074,千葉県,千葉市若葉区,御殿町
2650075,千葉県,千葉市若葉区,大井戸町
2650076,千葉県,千葉市若葉区,下田町
2650077,千葉県,千葉市若葉区,御成台
2658501,千葉県,千葉市若葉区,谷当町１２００−２
2660000,千葉県,千葉市緑区,
2660001,千葉県,千葉市緑区,東山科町
2660002,千葉県,千葉市緑区,平山町
2660003,千葉県,千葉市緑区,高田町
2660004,千葉県,千葉市緑区,平川町
2660005,千葉県,千葉市緑区,誉田町
2660006,千葉県,千葉市緑区,大膳野町
2660007,千葉県,千葉市緑区,辺田町
2660011,千葉県,千葉市緑区,鎌取町
2660014,千葉県,千葉市緑区,大金沢町
2660015,千葉県,千葉市緑区,小金沢町
2660016,千葉県,千葉市緑区,椎名崎町
2660021,千葉県,千葉市緑区,刈田子町
2660022,千葉県,千葉市緑区,富岡町
2660023,千葉県,千葉市緑区,茂呂町
2660024,千葉県,千葉市緑区,中西町
2660025,千葉県,千葉市緑区,落井町
2660026,千葉県,千葉市緑区,古市場町
2660031,千葉県,千葉市緑区,おゆみ野
2660032,千葉県,千葉市緑区,おゆみ野中央
2660033,千葉県,千葉市緑区,おゆみ野南
2660034,千葉県,千葉市緑区,おゆみ野有吉
2668550,千葉県,千葉市緑区,鎌取町２２６−１
2668733,千葉県,千葉市緑区,おゆみ野３丁目１５番地３号
2670051,千葉県,千葉市緑区,上大和田町
2670052,千葉県,千葉市緑区,下大和田町
2670053,千葉県,千葉市緑区,高津戸町
2670054,千葉県,千葉市緑区,大高町
2670055,千葉県,千葉市緑区,越智町
2670056,千葉県,千葉市緑区,大野台
2670057,千葉県,千葉市緑区,大木戸町
2670061,千葉県,千葉市緑区,土気町
2670062,千葉県,千葉市緑区,小食土町
2670063,千葉県,千葉市緑区,小山町
2670064,千葉県,千葉市緑区,板倉町
2670065,千葉県,千葉市緑区,大椎町
2670066,千葉県,千葉市緑区,あすみが丘
2670067,千葉県,千葉市緑区,あすみが丘東
2700000,千葉県,松戸市,
2700001,千葉県,松戸市,幸田
2700002,千葉県,松戸市,平賀
2700003,千葉県,松戸市,東平賀
2700004,千葉県,松戸市,殿平賀
2700005,千葉県,松戸市,大谷口
2700006,千葉県,松戸市,大金平
2700007,千葉県,松戸市,中金杉
2700011,千葉県,松戸市,根木内
2700012,千葉県,松戸市,久保平賀
2700013,千葉県,松戸市,小金きよしケ丘
2700014,千葉県,松戸市,小金
2700015,千葉県,松戸市,小金上総町
2700016,千葉県,松戸市,小金清志町
2700017,千葉県,松戸市,幸谷
2700018,千葉県,松戸市,上総内
2700021,千葉県,松戸市,小金原
2700022,千葉県,松戸市,栗ケ沢
2700023,千葉県,松戸市,八ケ崎
2700024,千葉県,松戸市,八ケ崎緑町
2700025,千葉県,松戸市,中和倉
2700026,千葉県,松戸市,三ケ月
2700027,千葉県,松戸市,二ツ木
2700028,千葉県,松戸市,二ツ木二葉町
2700031,千葉県,松戸市,横須賀
2700032,千葉県,松戸市,新松戸北
2700033,千葉県,松戸市,新松戸東
2700034,千葉県,松戸市,新松戸
2700035,千葉県,松戸市,新松戸南
2700036,千葉県,松戸市,大谷口新田
2700100,千葉県,流山市,
2700101,千葉県,流山市,東深井
2700102,千葉県,流山市,こうのす台
2700103,千葉県,流山市,美原
2700105,千葉県,流山市,平方
2700106,千葉県,流山市,平方村新田
2700107,千葉県,流山市,西深井
2700108,千葉県,流山市,深井新田
2700111,千葉県,流山市,江戸川台東
2700112,千葉県,流山市,青田
2700113,千葉県,流山市,駒木台
2700114,千葉県,流山市,東初石
2700115,千葉県,流山市,江戸川台西
2700116,千葉県,流山市,中野久木
2700117,千葉県,流山市,北
2700118,千葉県,流山市,小屋
2700119,千葉県,流山市,おおたかの森北
2700121,千葉県,流山市,西初石
2700122,千葉県,流山市,大畔
2700123,千葉県,流山市,若葉台
2700124,千葉県,流山市,南
2700125,千葉県,流山市,上新宿
2700126,千葉県,流山市,上新宿新田
2700127,千葉県,流山市,富士見台
2700128,千葉県,流山市,おおたかの森西
2700131,千葉県,流山市,美田
2700132,千葉県,流山市,駒木
2700133,千葉県,流山市,十太夫
2700134,千葉県,流山市,長崎
2700135,千葉県,流山市,野々下
2700136,千葉県,流山市,古間木
2700137,千葉県,流山市,市野谷
2700138,千葉県,流山市,おおたかの森東
2700139,千葉県,流山市,おおたかの森南
2700141,千葉県,流山市,松ケ丘
2700142,千葉県,流山市,西松ケ丘
2700143,千葉県,流山市,向小金
2700144,千葉県,流山市,前ケ崎
2700145,千葉県,流山市,名都借
2700146,千葉県,流山市,芝崎
2700151,千葉県,流山市,後平井
2700152,千葉県,流山市,前平井
2700153,千葉県,流山市,中
2700154,千葉県,流山市,思井
2700155,千葉県,流山市,宮園
2700156,千葉県,流山市,西平井
2700157,千葉県,流山市,平和台
2700161,千葉県,流山市,鰭ケ崎
2700162,千葉県,流山市,木
2700163,千葉県,流山市,南流山
2700164,千葉県,流山市,流山
2700171,千葉県,流山市,上貝塚
2700172,千葉県,流山市,桐ケ谷
2700173,千葉県,流山市,谷
2700174,千葉県,流山市,下花輪
2700175,千葉県,流山市,三輪野山
2700176,千葉県,流山市,加
2700192,千葉県,流山市,平和台１丁目１−１
2700194,千葉県,流山市,野々下１−３５５
2700195,千葉県,流山市,西初石六丁目１８５番２号
2700198,千葉県,流山市,駒木４７４
2700201,千葉県,野田市,関宿三軒家
2700202,千葉県,野田市,関宿台町
2700203,千葉県,野田市,関宿元町
2700204,千葉県,野田市,関宿内町
2700205,千葉県,野田市,関宿江戸町
2700206,千葉県,野田市,関宿町
2700211,千葉県,野田市,東高野
2700212,千葉県,野田市,新田戸
2700213,千葉県,野田市,桐ケ作
2700214,千葉県,野田市,柏寺
2700215,千葉県,野田市,中戸
2700216,千葉県,野田市,西高野
2700217,千葉県,野田市,はやま
2700221,千葉県,野田市,古布内
2700222,千葉県,野田市,木間ケ瀬
2700223,千葉県,野田市,岡田
2700224,千葉県,野田市,丸井
2700225,千葉県,野田市,平井
2700226,千葉県,野田市,東宝珠花
2700227,千葉県,野田市,親野井
2700228,千葉県,野田市,次木
2700229,千葉県,野田市,なみき
2700231,千葉県,野田市,小山
2700232,千葉県,野田市,莚打
2700233,千葉県,野田市,船形
2700234,千葉県,野田市,日の出町
2700235,千葉県,野田市,尾崎
2700236,千葉県,野田市,東金野井
2700237,千葉県,野田市,中里
2700238,千葉県,野田市,尾崎台
2700239,千葉県,野田市,泉
2701100,千葉県,我孫子市,
2701101,千葉県,我孫子市,布佐
2701102,千葉県,我孫子市,都
2701103,千葉県,我孫子市,布佐酉町
2701104,千葉県,我孫子市,新々田
2701105,千葉県,我孫子市,三河屋新田
2701106,千葉県,我孫子市,相島新田
2701107,千葉県,我孫子市,布佐下新田
2701108,千葉県,我孫子市,布佐平和台
2701111,千葉県,我孫子市,古戸
2701112,千葉県,我孫子市,新木
2701113,千葉県,我孫子市,江蔵地
2701114,千葉県,我孫子市,新木野
2701115,千葉県,我孫子市,大作新田
2701116,千葉県,我孫子市,浅間前新田
2701117,千葉県,我孫子市,下沼田
2701118,千葉県,我孫子市,新木村下
2701119,千葉県,我孫子市,南新木
2701121,千葉県,我孫子市,中峠
2701122,千葉県,我孫子市,中里
2701123,千葉県,我孫子市,日秀
2701124,千葉県,我孫子市,日秀新田
2701125,千葉県,我孫子市,中沼田
2701126,千葉県,我孫子市,中里新田
2701127,千葉県,我孫子市,中峠村下
2701128,千葉県,我孫子市,中峠台
2701131,千葉県,我孫子市,都部
2701132,千葉県,我孫子市,湖北台
2701133,千葉県,我孫子市,上沼田
2701134,千葉県,我孫子市,都部村新田
2701135,千葉県,我孫子市,都部新田
2701136,千葉県,我孫子市,岡発戸新田
2701137,千葉県,我孫子市,岡発戸
2701138,千葉県,我孫子市,下ケ戸
2701141,千葉県,我孫子市,栄
2701142,千葉県,我孫子市,泉
2701143,千葉県,我孫子市,天王台
2701144,千葉県,我孫子市,東我孫子
2701145,千葉県,我孫子市,高野山
2701146,千葉県,我孫子市,高野山新田
2701147,千葉県,我孫子市,若松
2701151,千葉県,我孫子市,本町
2701152,千葉県,我孫子市,寿
2701153,千葉県,我孫子市,緑
2701154,千葉県,我孫子市,白山
2701155,千葉県,我孫子市,我孫子新田
2701156,千葉県,我孫子市,根戸新田
2701157,千葉県,我孫子市,呼塚新田
2701158,千葉県,我孫子市,船戸
2701161,千葉県,我孫子市,布施下
2701162,千葉県,我孫子市,布施
2701163,千葉県,我孫子市,久寺家
2701164,千葉県,我孫子市,つくし野
2701165,千葉県,我孫子市,並木
2701166,千葉県,我孫子市,我孫子
2701167,千葉県,我孫子市,台田
2701168,千葉県,我孫子市,根戸
2701171,千葉県,我孫子市,弁天下
2701172,千葉県,我孫子市,北新田
2701173,千葉県,我孫子市,青山
2701174,千葉県,我孫子市,日の出
2701175,千葉県,我孫子市,青山台
2701176,千葉県,我孫子市,柴崎台
2701177,千葉県,我孫子市,柴崎
2701178,千葉県,我孫子市,南青山
2701192,千葉県,我孫子市,我孫子１８５８
2701194,千葉県,我孫子市,我孫子１６４６
2701196,千葉県,我孫子市,久寺家４５１
2701198,千葉県,我孫子市,日の出１１３１
2701300,千葉県,印西市,
2701313,千葉県,印西市,小林北
2701315,千葉県,印西市,小林浅間
2701316,千葉県,印西市,小林大門下
2701318,千葉県,印西市,小林
2701321,千葉県,印西市,相嶋
2701322,千葉県,印西市,浅間前
2701323,千葉県,印西市,木下東
2701324,千葉県,印西市,平岡
2701325,千葉県,印西市,竹袋
2701326,千葉県,印西市,木下
2701327,千葉県,印西市,大森
2701328,千葉県,印西市,木下南
2701331,千葉県,印西市,牧の原
2701332,千葉県,印西市,別所
2701333,千葉県,印西市,宗甫
2701334,千葉県,印西市,西の原
2701335,千葉県,印西市,原
2701336,千葉県,印西市,東の原
2701337,千葉県,印西市,草深
2701338,千葉県,印西市,松崎台
2701339,千葉県,印西市,牧の台
2701340,千葉県,印西市,中央南
2701341,千葉県,印西市,原山
2701342,千葉県,印西市,高花
2701343,千葉県,印西市,結縁寺
2701344,千葉県,印西市,松崎
2701345,千葉県,印西市,船尾
2701346,千葉県,印西市,多々羅田
2701347,千葉県,印西市,内野
2701348,千葉県,印西市,戸神
2701349,千葉県,印西市,戸神台
2701350,千葉県,印西市,中央北
2701351,千葉県,印西市,和泉
2701352,千葉県,印西市,大塚
2701353,千葉県,印西市,泉
2701354,千葉県,印西市,武西
2701355,千葉県,印西市,武西学園台
2701356,千葉県,印西市,小倉台
2701357,千葉県,印西市,牧の木戸
2701358,千葉県,印西市,小倉
2701359,千葉県,印西市,木刈
2701360,千葉県,印西市,泉野
2701361,千葉県,印西市,発作
2701362,千葉県,印西市,亀成
2701363,千葉県,印西市,鹿黒
2701364,千葉県,印西市,浦幡新田
2701365,千葉県,印西市,高西新田
2701366,千葉県,印西市,白幡
2701367,千葉県,印西市,浦部
2701368,千葉県,印西市,浦部村新田
2701369,千葉県,印西市,鹿黒南
2701380,千葉県,印西市,松崎台２丁目４番アイミッションズパーク印西
2701381,千葉県,印西市,大塚２丁目２−１
2701383,千葉県,印西市,大塚２丁目１０番地
2701385,千葉県,印西市,中央北３−１−１
2701387,千葉県,印西市,牧の原二丁目３番地
2701389,千葉県,印西市,松崎台２丁目４番アイミッションズパーク印西
2701392,千葉県,印西市,中央北３丁目２
2701393,千葉県,印西市,大塚１丁目６−１
2701395,千葉県,印西市,大塚１丁目５−１
2701396,千葉県,印西市,大森２３６４−２
2701398,千葉県,印西市,武西学園台一丁目１番１号
2701400,千葉県,白井市,
2701401,千葉県,白井市,今井
2701402,千葉県,白井市,平塚
2701403,千葉県,白井市,河原子
2701404,千葉県,白井市,折立
2701405,千葉県,白井市,富塚
2701406,千葉県,白井市,中
2701407,千葉県,白井市,名内
2701408,千葉県,白井市,西白井
2701411,千葉県,白井市,十余一
2701412,千葉県,白井市,桜台
2701413,千葉県,白井市,武西
2701414,千葉県,白井市,谷田
2701415,千葉県,白井市,清戸
2701416,千葉県,白井市,神々廻
2701421,千葉県,白井市,白井
2701422,千葉県,白井市,復
2701423,千葉県,白井市,南山
2701424,千葉県,白井市,堀込
2701425,千葉県,白井市,池の上
2701426,千葉県,白井市,笹塚
2701431,千葉県,白井市,根
2701432,千葉県,白井市,冨士
2701433,千葉県,白井市,けやき台
2701434,千葉県,白井市,大山口
2701435,千葉県,白井市,清水口
2701436,千葉県,白井市,七次台
2701437,千葉県,白井市,木
2701438,千葉県,白井市,野口
2701439,千葉県,白井市,大松
2701441,千葉県,柏市,鷲野谷新田
2701442,千葉県,柏市,染井入新田
2701443,千葉県,柏市,鷲野谷
2701444,千葉県,柏市,若白毛
2701445,千葉県,柏市,岩井
2701446,千葉県,柏市,岩井村新田
2701447,千葉県,柏市,手賀の杜
2701451,千葉県,柏市,曙橋
2701452,千葉県,柏市,片山新田
2701453,千葉県,柏市,片山
2701454,千葉県,柏市,柳戸
2701455,千葉県,柏市,金山
2701456,千葉県,柏市,泉
2701457,千葉県,柏市,泉村新田
2701461,千葉県,柏市,水道橋
2701462,千葉県,柏市,千間橋
2701463,千葉県,柏市,布瀬新田
2701464,千葉県,柏市,布瀬
2701465,千葉県,柏市,手賀
2701466,千葉県,柏市,手賀新田
2701471,千葉県,船橋市,小室町
2701492,千葉県,白井市,復１１２３
2701493,千葉県,白井市,桜台１丁目４
2701495,千葉県,白井市,中３０５−１
2701496,千葉県,白井市,桜台１丁目２
2701500,千葉県,印旛郡栄町,
2701501,千葉県,印旛郡栄町,矢口神明
2701502,千葉県,印旛郡栄町,矢口
2701503,千葉県,印旛郡栄町,興津
2701504,千葉県,印旛郡栄町,麻生
2701505,千葉県,印旛郡栄町,竜角寺台
2701506,千葉県,印旛郡栄町,龍角寺
2701511,千葉県,印旛郡栄町,北辺田
2701512,千葉県,印旛郡栄町,須賀
2701513,千葉県,印旛郡栄町,酒直
2701514,千葉県,印旛郡栄町,酒直台
2701515,千葉県,印旛郡栄町,安食台
2701516,千葉県,印旛郡栄町,安食
2701517,千葉県,印旛郡栄町,安食卜杭新田
2701521,千葉県,印旛郡栄町,和田
2701522,千葉県,印旛郡栄町,布鎌酒直
2701523,千葉県,印旛郡栄町,脇川
2701524,千葉県,印旛郡栄町,長門谷
2701525,千葉県,印旛郡栄町,四箇
2701526,千葉県,印旛郡栄町,大森
2701527,千葉県,印旛郡栄町,押付
2701531,千葉県,印旛郡栄町,曽根
2701532,千葉県,印旛郡栄町,南
2701533,千葉県,印旛郡栄町,南ケ丘
2701534,千葉県,印旛郡栄町,西
2701535,千葉県,印旛郡栄町,布太
2701536,千葉県,印旛郡栄町,三和
2701541,千葉県,印旛郡栄町,龍ケ崎町歩
2701542,千葉県,印旛郡栄町,四ッ谷
2701543,千葉県,印旛郡栄町,請方
2701544,千葉県,印旛郡栄町,中谷
2701545,千葉県,印旛郡栄町,北
2701546,千葉県,印旛郡栄町,生板鍋子新田
2701592,千葉県,印旛郡栄町,安食台１丁目２番
2701601,千葉県,印西市,萩原
2701602,千葉県,印西市,松虫
2701603,千葉県,印西市,吉高
2701604,千葉県,印西市,山田
2701605,千葉県,印西市,平賀
2701606,千葉県,印西市,平賀学園台
2701607,千葉県,印西市,美瀬
2701608,千葉県,印西市,舞姫
2701609,千葉県,印西市,若萩
2701611,千葉県,印西市,造谷
2701612,千葉県,印西市,大廻
2701613,千葉県,印西市,鎌苅
2701614,千葉県,印西市,瀬戸
2701615,千葉県,印西市,師戸
2701616,千葉県,印西市,岩戸
2701617,千葉県,印西市,吉田
2701618,千葉県,印西市,つくりや台
2701693,千葉県,印西市,美瀬一丁目２５番地
2701694,千葉県,印西市,鎌苅１７１５
2701695,千葉県,印西市,平賀学園台１丁目１
2702201,千葉県,松戸市,高柳新田
2702202,千葉県,松戸市,高柳
2702203,千葉県,松戸市,六高台
2702204,千葉県,松戸市,六実
2702205,千葉県,松戸市,六高台西
2702211,千葉県,松戸市,五香六実
2702212,千葉県,松戸市,五香南
2702213,千葉県,松戸市,五香
2702214,千葉県,松戸市,松飛台
2702215,千葉県,松戸市,串崎南町
2702216,千葉県,松戸市,串崎新田
2702217,千葉県,松戸市,初富飛地
2702218,千葉県,松戸市,五香西
2702221,千葉県,松戸市,紙敷
2702222,千葉県,松戸市,高塚新田
2702223,千葉県,松戸市,秋山
2702224,千葉県,松戸市,大橋
2702225,千葉県,松戸市,東松戸
2702231,千葉県,松戸市,稔台
2702232,千葉県,松戸市,和名ケ谷
2702241,千葉県,松戸市,松戸新田
2702242,千葉県,松戸市,仲井町
2702243,千葉県,松戸市,野菊野
2702251,千葉県,松戸市,金ケ作
2702252,千葉県,松戸市,千駄堀
2702253,千葉県,松戸市,日暮
2702254,千葉県,松戸市,河原塚
2702255,千葉県,松戸市,田中新田
2702261,千葉県,松戸市,常盤平
2702262,千葉県,松戸市,常盤平双葉町
2702263,千葉県,松戸市,常盤平柳町
2702264,千葉県,松戸市,常盤平松葉町
2702265,千葉県,松戸市,常盤平陣屋前
2702266,千葉県,松戸市,常盤平西窪町
2702267,千葉県,松戸市,牧の原
2702280,千葉県,松戸市,松飛台４３０
2702288,千葉県,松戸市,五香六実１７
2702292,千葉県,松戸市,秋山８６
2702295,千葉県,松戸市,稔台５丁目２−１
2702296,千葉県,松戸市,千駄堀９９３番地の１
2702297,千葉県,松戸市,稔台３１０
2702298,千葉県,松戸市,高塚新田１２３−１
2702301,千葉県,印西市,将監
2702302,千葉県,印西市,安食卜杭
2702303,千葉県,印西市,酒直卜杭
2702304,千葉県,印西市,甚兵衛
2702305,千葉県,印西市,佐野屋
2702306,千葉県,印西市,中田切
2702307,千葉県,印西市,松木
2702308,千葉県,印西市,本埜小林
2702311,千葉県,印西市,萩埜
2702312,千葉県,印西市,長門屋
2702313,千葉県,印西市,下井
2702314,千葉県,印西市,桜野
2702315,千葉県,印西市,中
2702316,千葉県,印西市,行徳
2702317,千葉県,印西市,下曽根
2702318,千葉県,印西市,押付
2702319,千葉県,印西市,川向
2702321,千葉県,印西市,物木
2702322,千葉県,印西市,笠神
2702323,千葉県,印西市,和泉屋
2702324,千葉県,印西市,中根
2702325,千葉県,印西市,角田
2702326,千葉県,印西市,荒野
2702327,千葉県,印西市,竜腹寺
2702328,千葉県,印西市,滝
2702329,千葉県,印西市,滝野
2702331,千葉県,印西市,みどり台
2702392,千葉県,印西市,笠神２５８７番地
2702393,千葉県,印西市,竜腹寺２８０
2708501,千葉県,松戸市,新松戸東９−１
2708511,千葉県,松戸市,新松戸東９−１
2708521,千葉県,松戸市,新松戸１丁目４８３番地
2708555,千葉県,松戸市,新松戸３丁目２−１
2710041,千葉県,松戸市,七右衛門新田
2710042,千葉県,松戸市,主水新田
2710043,千葉県,松戸市,旭町
2710044,千葉県,松戸市,西馬橋
2710045,千葉県,松戸市,西馬橋相川町
2710046,千葉県,松戸市,西馬橋蔵元町
2710047,千葉県,松戸市,西馬橋幸町
2710048,千葉県,松戸市,西馬橋広手町
2710051,千葉県,松戸市,馬橋
2710052,千葉県,松戸市,新作
2710053,千葉県,松戸市,中根
2710054,千葉県,松戸市,中根長津町
2710061,千葉県,松戸市,栄町西
2710062,千葉県,松戸市,栄町
2710063,千葉県,松戸市,北松戸
2710064,千葉県,松戸市,上本郷
2710065,千葉県,松戸市,南花島
2710066,千葉県,松戸市,吉井町
2710067,千葉県,松戸市,樋野口
2710068,千葉県,松戸市,古ケ崎
2710071,千葉県,松戸市,竹ケ花西町
2710072,千葉県,松戸市,竹ケ花
2710073,千葉県,松戸市,小根本
2710074,千葉県,松戸市,緑ケ丘
2710075,千葉県,松戸市,胡録台
2710076,千葉県,松戸市,岩瀬
2710077,千葉県,松戸市,根本
2710081,千葉県,松戸市,二十世紀が丘美野里町
2710082,千葉県,松戸市,二十世紀が丘戸山町
2710083,千葉県,松戸市,二十世紀が丘梨元町
2710084,千葉県,松戸市,二十世紀が丘丸山町
2710085,千葉県,松戸市,二十世紀が丘中松町
2710086,千葉県,松戸市,二十世紀が丘萩町
2710087,千葉県,松戸市,三矢小台
2710088,千葉県,松戸市,二十世紀が丘柿の木町
2710091,千葉県,松戸市,本町
2710092,千葉県,松戸市,松戸
2710093,千葉県,松戸市,小山
2710094,千葉県,松戸市,上矢切
2710095,千葉県,松戸市,中矢切
2710096,千葉県,松戸市,下矢切
2710097,千葉県,松戸市,栗山
2718501,千葉県,松戸市,本町１９−１５
2718510,千葉県,松戸市,松戸６４８
2718511,千葉県,松戸市,上本郷４００５
2718515,千葉県,松戸市,上本郷７０１
2718518,千葉県,松戸市,岩瀬４７３番地１８
2718522,千葉県,松戸市,岩瀬無番地
2718530,千葉県,松戸市,上本郷２４１−１
2718533,千葉県,松戸市,小根本５３−３
2718550,千葉県,松戸市,松戸１３０７−１
2718551,千葉県,松戸市,松戸１１６９
2718555,千葉県,松戸市,岩瀬５５０
2718557,千葉県,松戸市,松戸５５８−２
2718560,千葉県,松戸市,小根本７
2718562,千葉県,松戸市,小根本７
2718563,千葉県,松戸市,小根本７
2718564,千葉県,松戸市,小根本７
2718580,千葉県,松戸市,南花島向町３１９
2718585,千葉県,松戸市,上本郷２−３６２１
2718588,千葉県,松戸市,根本３８７−５
2718620,千葉県,松戸市,上本郷２２４３−１（松戸郵便局私書箱第１１号）
2718625,千葉県,松戸市,本町２−５
2718666,千葉県,松戸市,北松戸２丁目１−４（松戸郵便局私書箱第１３号）
2718672,千葉県,松戸市,松戸１８４６−２
2720000,千葉県,市川市,
2720001,千葉県,市川市,二俣
2720002,千葉県,市川市,二俣新町
2720003,千葉県,市川市,東浜
2720004,千葉県,市川市,原木
2720011,千葉県,市川市,高谷新町
2720012,千葉県,市川市,上妙典
2720013,千葉県,市川市,高谷
2720014,千葉県,市川市,田尻
2720015,千葉県,市川市,鬼高
2720021,千葉県,市川市,八幡
2720022,千葉県,市川市,鬼越
2720023,千葉県,市川市,南八幡
2720024,千葉県,市川市,稲荷木
2720025,千葉県,市川市,大和田
2720026,千葉県,市川市,東大和田
2720031,千葉県,市川市,平田
2720032,千葉県,市川市,大洲
2720033,千葉県,市川市,市川南
2720034,千葉県,市川市,市川
2720035,千葉県,市川市,新田
2720101,千葉県,市川市,河原
2720102,千葉県,市川市,下新宿
2720103,千葉県,市川市,本行徳
2720104,千葉県,市川市,本塩
2720105,千葉県,市川市,関ケ島
2720106,千葉県,市川市,伊勢宿
2720107,千葉県,市川市,押切
2720111,千葉県,市川市,妙典
2720112,千葉県,市川市,上妙典
2720113,千葉県,市川市,下妙典
2720114,千葉県,市川市,塩焼
2720115,千葉県,市川市,富浜
2720121,千葉県,市川市,末広
2720122,千葉県,市川市,宝
2720123,千葉県,市川市,幸
2720124,千葉県,市川市,加藤新田
2720125,千葉県,市川市,高浜町
2720126,千葉県,市川市,千鳥町
2720127,千葉県,市川市,塩浜
2720131,千葉県,市川市,湊
2720132,千葉県,市川市,湊新田
2720133,千葉県,市川市,行徳駅前
2720134,千葉県,市川市,入船
2720135,千葉県,市川市,日之出
2720136,千葉県,市川市,新浜
2720137,千葉県,市川市,福栄
2720138,千葉県,市川市,南行徳
2720141,千葉県,市川市,香取
2720142,千葉県,市川市,欠真間
2720143,千葉県,市川市,相之川
2720144,千葉県,市川市,新井
2720145,千葉県,市川市,島尻
2720146,千葉県,市川市,広尾
2720193,千葉県,市川市,塩浜２−１３−１
2720801,千葉県,市川市,大町
2720802,千葉県,市川市,柏井町
2720803,千葉県,市川市,奉免町
2720804,千葉県,市川市,南大野
2720805,千葉県,市川市,大野町
2720811,千葉県,市川市,北方町
2720812,千葉県,市川市,若宮
2720813,千葉県,市川市,中山
2720814,千葉県,市川市,高石神
2720815,千葉県,市川市,北方
2720816,千葉県,市川市,本北方
2720821,千葉県,市川市,下貝塚
2720822,千葉県,市川市,宮久保
2720823,千葉県,市川市,東菅野
2720824,千葉県,市川市,菅野
2720825,千葉県,市川市,須和田
2720826,千葉県,市川市,真間
2720827,千葉県,市川市,国府台
2720831,千葉県,市川市,稲越町
2720832,千葉県,市川市,曽谷
2720833,千葉県,市川市,東国分
2720834,千葉県,市川市,国分
2720835,千葉県,市川市,中国分
2720836,千葉県,市川市,北国分
2720837,千葉県,市川市,堀之内
2728501,千葉県,市川市,八幡１丁目１−１
2728510,千葉県,市川市,八幡三丁目３番１号
2728511,千葉県,市川市,鬼高２丁目２０−２０
2728512,千葉県,市川市,国府台１丁目３−１
2728513,千葉県,市川市,菅野５丁目１１−１３
2728514,千葉県,市川市,市川３−３０−１
2728516,千葉県,市川市,国府台１丁目７−１
2728518,千葉県,市川市,八幡２丁目３−１１
2728520,千葉県,市川市,平田３丁目１０−１０
2728522,千葉県,市川市,南八幡２丁目２１−１
2728533,千葉県,市川市,国府台２丁目３−１
2728538,千葉県,市川市,田尻１丁目１１−５
2728540,千葉県,市川市,八幡３−３−１
2728543,千葉県,市川市,南八幡５丁目１１−２１
2728550,千葉県,市川市,新田５丁目６−３
2728555,千葉県,市川市,大和田１丁目１−５
2728558,千葉県,市川市,東大和田２丁目１５−７
2728560,千葉県,市川市,国府台２丁目２−１
2728561,千葉県,市川市,八幡２丁目１５−１０
2728573,千葉県,市川市,北方１丁目１１−１０
2728580,千葉県,市川市,市川南２丁目８−８
2728581,千葉県,市川市,市川３丁目２３番２７号
2728585,千葉県,市川市,市川２丁目４−９
2728588,千葉県,市川市,中国分３丁目１８−５
2730000,千葉県,船橋市,
2730001,千葉県,船橋市,市場
2730002,千葉県,船橋市,東船橋
2730003,千葉県,船橋市,宮本
2730004,千葉県,船橋市,南本町
2730005,千葉県,船橋市,本町
2730011,千葉県,船橋市,湊町
2730012,千葉県,船橋市,浜町
2730013,千葉県,船橋市,若松
2730014,千葉県,船橋市,高瀬町
2730015,千葉県,船橋市,日の出
2730016,千葉県,船橋市,潮見町
2730017,千葉県,船橋市,西浦
2730018,千葉県,船橋市,栄町
2730021,千葉県,船橋市,海神
2730022,千葉県,船橋市,海神町
2730023,千葉県,船橋市,南海神
2730024,千葉県,船橋市,海神町南
2730025,千葉県,船橋市,印内町
2730026,千葉県,船橋市,山野町
2730027,千葉県,船橋市,海神町西
2730028,千葉県,船橋市,海神町東
2730031,千葉県,船橋市,西船
2730032,千葉県,船橋市,葛飾町
2730033,千葉県,船橋市,本郷町
2730034,千葉県,船橋市,二子町
2730035,千葉県,船橋市,本中山
2730036,千葉県,船橋市,東中山
2730037,千葉県,船橋市,古作
2730038,千葉県,船橋市,古作町
2730039,千葉県,船橋市,印内
2730041,千葉県,船橋市,旭町
2730042,千葉県,船橋市,前貝塚町
2730043,千葉県,船橋市,行田町
2730044,千葉県,船橋市,行田
2730045,千葉県,船橋市,山手
2730046,千葉県,船橋市,上山町
2730047,千葉県,船橋市,藤原
2730048,千葉県,船橋市,丸山
2730100,千葉県,鎌ケ谷市,
2730101,千葉県,鎌ケ谷市,富岡
2730102,千葉県,鎌ケ谷市,右京塚
2730103,千葉県,鎌ケ谷市,丸山
2730104,千葉県,鎌ケ谷市,東鎌ケ谷
2730105,千葉県,鎌ケ谷市,鎌ケ谷
2730106,千葉県,鎌ケ谷市,南鎌ケ谷
2730107,千葉県,鎌ケ谷市,新鎌ケ谷
2730111,千葉県,鎌ケ谷市,北中沢
2730112,千葉県,鎌ケ谷市,東中沢
2730113,千葉県,鎌ケ谷市,道野辺中央
2730114,千葉県,鎌ケ谷市,道野辺
2730115,千葉県,鎌ケ谷市,東道野辺
2730116,千葉県,鎌ケ谷市,馬込沢
2730117,千葉県,鎌ケ谷市,西道野辺
2730118,千葉県,鎌ケ谷市,中沢
2730119,千葉県,鎌ケ谷市,中沢新町
2730121,千葉県,鎌ケ谷市,初富
2730122,千葉県,鎌ケ谷市,東初富
2730123,千葉県,鎌ケ谷市,南初富
2730124,千葉県,鎌ケ谷市,中央
2730125,千葉県,鎌ケ谷市,初富本町
2730126,千葉県,鎌ケ谷市,北初富
2730127,千葉県,鎌ケ谷市,串崎新田
2730128,千葉県,鎌ケ谷市,くぬぎ山
2730131,千葉県,鎌ケ谷市,軽井沢
2730132,千葉県,鎌ケ谷市,粟野
2730133,千葉県,鎌ケ谷市,南佐津間
2730134,千葉県,鎌ケ谷市,西佐津間
2730135,千葉県,鎌ケ谷市,中佐津間
2730136,千葉県,鎌ケ谷市,佐津間
2730137,千葉県,鎌ケ谷市,道野辺本町
2730192,千葉県,鎌ケ谷市,くぬぎ山４丁目１−１２
2730193,千葉県,鎌ケ谷市,南初富６丁目２−１２
2730195,千葉県,鎌ケ谷市,新鎌ケ谷２−６−１
2730197,千葉県,鎌ケ谷市,新鎌ケ谷２−７−１
2730851,千葉県,船橋市,馬込町
2730852,千葉県,船橋市,金杉台
2730853,千葉県,船橋市,金杉
2730854,千葉県,船橋市,金杉町
2730855,千葉県,船橋市,馬込西
2730861,千葉県,船橋市,米ケ崎町
2730862,千葉県,船橋市,駿河台
2730863,千葉県,船橋市,東町
2730864,千葉県,船橋市,北本町
2730865,千葉県,船橋市,夏見
2730866,千葉県,船橋市,夏見台
2730867,千葉県,船橋市,夏見町
2738501,千葉県,船橋市,湊町２丁目１０番２５号
2738502,千葉県,船橋市,西浦１丁目１番１号
2738503,千葉県,船橋市,浜町２丁目１６−１
2738504,千葉県,船橋市,湊町２丁目１−４
2738505,千葉県,船橋市,浜町二丁目１番１号ららぽーとビルディング
2738506,千葉県,船橋市,北本町１丁目１６番５５号
2738508,千葉県,船橋市,本町３丁目３２−２０−２Ｆ
2738510,千葉県,船橋市,浜町３丁目３−２フードピア船橋６Ｆ
2738511,千葉県,船橋市,本町１丁目１０−１０
2738512,千葉県,船橋市,宮本９丁目９−６
2738515,千葉県,船橋市,浜町２丁目２−７ビビットスクエア
2738520,千葉県,船橋市,海神町西１丁目１０４２−２
2738521,千葉県,船橋市,湊町２丁目１２−１三井生命船橋第２ビル５階
2738522,千葉県,船橋市,高瀬町２４−３
2738523,千葉県,船橋市,本町２−１−３４船橋スカイビル４階
2738530,千葉県,船橋市,浜町２丁目１番１号
2738533,千葉県,船橋市,市場５丁目１６−１８
2738540,千葉県,船橋市,市場３丁目３−１
2738542,千葉県,船橋市,藤原４丁目８−５
2738543,千葉県,船橋市,印内町６５２−２
2738550,千葉県,船橋市,本町１丁目２−１
2738551,千葉県,船橋市,宮本４丁目１８−６
2738555,千葉県,船橋市,市場３丁目１７−１
2738556,千葉県,船橋市,海神６丁目１３−１０
2738558,千葉県,船橋市,海神町二丁目２８４番地１
2738560,千葉県,船橋市,本町１丁目３−１フェイス７階
2738566,千葉県,船橋市,海神町西１丁目１０４２−２
2738567,千葉県,船橋市,本町７丁目１−１
2738570,千葉県,船橋市,古作１丁目１−１
2738574,千葉県,船橋市,東船橋５丁目７−７
2738578,千葉県,船橋市,浜町２−５−７ＭＦＬＰ船橋１階〜３階
2738584,千葉県,船橋市,高瀬町１９
2738585,千葉県,船橋市,浜町２丁目５番７号三井不動産ロジスティクスパーク船橋Ⅰ−４Ｆ
2738588,千葉県,船橋市,金杉１丁目２１−１
2738601,千葉県,船橋市,本町２丁目７−１７
2738627,千葉県,船橋市,本町１丁目５−１
2738710,千葉県,船橋市,海神町西１−１０４２−２
2738733,千葉県,船橋市,西浦２丁目５−３
2740051,千葉県,船橋市,車方町
2740052,千葉県,船橋市,鈴身町
2740053,千葉県,船橋市,豊富町
2740054,千葉県,船橋市,金堀町
2740055,千葉県,船橋市,楠が山町
2740056,千葉県,船橋市,神保町
2740060,千葉県,船橋市,坪井東
2740061,千葉県,船橋市,古和釜町
2740062,千葉県,船橋市,坪井町
2740063,千葉県,船橋市,習志野台
2740064,千葉県,船橋市,松が丘
2740065,千葉県,船橋市,高根台
2740066,千葉県,船橋市,大穴町
2740067,千葉県,船橋市,大穴南
2740068,千葉県,船橋市,大穴北
2740069,千葉県,船橋市,坪井西
2740071,千葉県,船橋市,習志野
2740072,千葉県,船橋市,三山
2740073,千葉県,船橋市,田喜野井
2740074,千葉県,船橋市,滝台
2740075,千葉県,船橋市,滝台町
2740076,千葉県,船橋市,薬園台町
2740077,千葉県,船橋市,薬円台
2740081,千葉県,船橋市,小野田町
2740082,千葉県,船橋市,大神保町
2740801,千葉県,船橋市,高野台
2740802,千葉県,船橋市,八木が谷
2740803,千葉県,船橋市,八木が谷町
2740804,千葉県,船橋市,みやぎ台
2740805,千葉県,船橋市,二和東
2740806,千葉県,船橋市,二和西
2740807,千葉県,船橋市,咲が丘
2740811,千葉県,船橋市,三咲町
2740812,千葉県,船橋市,三咲
2740813,千葉県,船橋市,南三咲
2740814,千葉県,船橋市,新高根
2740815,千葉県,船橋市,西習志野
2740816,千葉県,船橋市,芝山
2740817,千葉県,船橋市,高根町
2740818,千葉県,船橋市,緑台
2740821,千葉県,船橋市,七林町
2740822,千葉県,船橋市,飯山満町
2740823,千葉県,船橋市,二宮
2740824,千葉県,船橋市,前原東
2740825,千葉県,船橋市,前原西
2740826,千葉県,船橋市,中野木
2748501,千葉県,船橋市,習志野台７丁目２４−１
2748503,千葉県,船橋市,高根台２−１１−１
2748504,千葉県,船橋市,習志野台８丁目３５−１
2748505,千葉県,船橋市,前原西２丁目１２−７−７階
2748506,千葉県,船橋市,二和東５丁目１−１
2748507,千葉県,船橋市,坪井西２−１０−１
2748510,千葉県,船橋市,三山２丁目２−１
2748520,千葉県,船橋市,習志野４丁目１２番１号
2748530,千葉県,船橋市,習志野４−１２−２
2748533,千葉県,船橋市,豊富町５９９
2748555,千葉県,船橋市,習志野台７丁目７−１
2748558,千葉県,船橋市,習志野台１丁目１
2748577,千葉県,船橋市,薬円台３丁目２０−１
2748585,千葉県,船橋市,習志野４丁目７−１
2748601,千葉県,船橋市,豊富町５８５
2750000,千葉県,習志野市,
2750001,千葉県,習志野市,東習志野
2750002,千葉県,習志野市,実籾
2750003,千葉県,習志野市,実籾本郷
2750004,千葉県,習志野市,屋敷
2750005,千葉県,習志野市,新栄
2750006,千葉県,習志野市,泉町
2750011,千葉県,習志野市,大久保
2750012,千葉県,習志野市,本大久保
2750013,千葉県,習志野市,花咲
2750014,千葉県,習志野市,鷺沼
2750015,千葉県,習志野市,鷺沼台
2750016,千葉県,習志野市,津田沼
2750017,千葉県,習志野市,藤崎
2750021,千葉県,習志野市,袖ケ浦
2750022,千葉県,習志野市,香澄
2750023,千葉県,習志野市,芝園
2750024,千葉県,習志野市,茜浜
2750025,千葉県,習志野市,秋津
2750026,千葉県,習志野市,谷津
2750027,千葉県,習志野市,谷津町
2750028,千葉県,習志野市,奏の杜
2758511,千葉県,習志野市,泉町２丁目１−３７
2758520,千葉県,習志野市,茜浜３−１−２
2758525,千葉県,習志野市,茜浜３丁目７番１０号プロロジスパーク習志野４
2758528,千葉県,習志野市,東習志野７丁目５−２
2758533,千葉県,習志野市,芝園２丁目１−１６
2758550,千葉県,習志野市,茜浜３−６−２
2758551,千葉県,習志野市,東習志野６−１８−９プロロジスパーク習志野５内
2758560,千葉県,習志野市,茜浜１丁目１−１
2758572,千葉県,習志野市,茜浜１丁目４−２
2758575,千葉県,習志野市,泉町１丁目２−１
2758576,千葉県,習志野市,新栄２丁目１１−１
2758577,千葉県,習志野市,東習志野７丁目５−１
2758580,千葉県,習志野市,泉町１−１−１
2758585,千葉県,習志野市,茜浜２丁目３−１
2758588,千葉県,習志野市,津田沼２丁目１７−１
2758601,千葉県,習志野市,鷺沼２丁目１番１号
2758611,千葉県,習志野市,東習志野７丁目１−１
2758666,千葉県,習志野市,藤崎１−１−１３（習志野郵便局私書箱第６号）
2760000,千葉県,八千代市,
2760001,千葉県,八千代市,小池
2760002,千葉県,八千代市,真木野
2760003,千葉県,八千代市,大学町
2760004,千葉県,八千代市,島田台
2760005,千葉県,八千代市,島田
2760006,千葉県,八千代市,桑納
2760007,千葉県,八千代市,桑橋
2760008,千葉県,八千代市,神久保
2760011,千葉県,八千代市,佐山
2760012,千葉県,八千代市,堀の内
2760013,千葉県,八千代市,保品
2760014,千葉県,八千代市,米本
2760015,千葉県,八千代市,米本
2760016,千葉県,八千代市,神野
2760017,千葉県,八千代市,平戸
2760020,千葉県,八千代市,勝田台北
2760021,千葉県,八千代市,下高野
2760022,千葉県,八千代市,上高野
2760023,千葉県,八千代市,勝田台
2760024,千葉県,八千代市,勝田
2760025,千葉県,八千代市,勝田台南
2760026,千葉県,八千代市,下市場
2760027,千葉県,八千代市,村上
2760028,千葉県,八千代市,村上
2760029,千葉県,八千代市,村上南
2760031,千葉県,八千代市,八千代台北
2760032,千葉県,八千代市,八千代台東
2760033,千葉県,八千代市,八千代台南
2760034,千葉県,八千代市,八千代台西
2760035,千葉県,八千代市,大和田新田
2760035,千葉県,八千代市,高津
2760036,千葉県,八千代市,高津
2760037,千葉県,八千代市,高津東
2760040,千葉県,八千代市,緑が丘西
2760041,千葉県,八千代市,麦丸
2760042,千葉県,八千代市,ゆりのき台
2760043,千葉県,八千代市,萱田
2760044,千葉県,八千代市,萱田町
2760045,千葉県,八千代市,大和田
2760046,千葉県,八千代市,大和田新田
2760047,千葉県,八千代市,吉橋
2760048,千葉県,八千代市,尾崎
2760049,千葉県,八千代市,緑が丘
2768501,千葉県,八千代市,大和田新田３１２−５
2768523,千葉県,八千代市,吉橋１０７８−１
2768524,千葉県,八千代市,大和田新田４７７−９６
2768525,千葉県,八千代市,上高野２０３６
2768526,千葉県,八千代市,吉橋字西内野１８２４−１
2768527,千葉県,八千代市,吉橋１０９５番１−２階
2768580,千葉県,八千代市,吉橋１８３５
2770000,千葉県,柏市,
2770001,千葉県,柏市,呼塚新田
2770002,千葉県,柏市,呼塚
2770003,千葉県,柏市,柏堀之内新田
2770004,千葉県,柏市,柏下
2770005,千葉県,柏市,柏
2770006,千葉県,柏市,柏中村下
2770007,千葉県,柏市,戸張新田
2770008,千葉県,柏市,戸張
2770011,千葉県,柏市,東上町
2770012,千葉県,柏市,桜台
2770013,千葉県,柏市,東台本町
2770014,千葉県,柏市,東
2770015,千葉県,柏市,弥生町
2770016,千葉県,柏市,八幡町
2770017,千葉県,柏市,東柏
2770021,千葉県,柏市,中央町
2770022,千葉県,柏市,泉町
2770023,千葉県,柏市,中央
2770024,千葉県,柏市,若葉町
2770025,千葉県,柏市,千代田
2770026,千葉県,柏市,大塚町
2770027,千葉県,柏市,あかね町
2770028,千葉県,柏市,関場町
2770031,千葉県,柏市,亀甲台町
2770032,千葉県,柏市,名戸ケ谷
2770033,千葉県,柏市,増尾
2770034,千葉県,柏市,藤心
2770041,千葉県,柏市,逆井藤ノ台
2770042,千葉県,柏市,逆井
2770043,千葉県,柏市,南逆井
2770044,千葉県,柏市,新逆井
2770045,千葉県,柏市,東逆井
2770051,千葉県,柏市,加賀
2770052,千葉県,柏市,増尾台
2770053,千葉県,柏市,酒井根
2770054,千葉県,柏市,南増尾
2770055,千葉県,柏市,青葉台
2770061,千葉県,柏市,東中新宿
2770062,千葉県,柏市,光ケ丘団地
2770063,千葉県,柏市,西山
2770064,千葉県,柏市,東山
2770065,千葉県,柏市,光ケ丘
2770066,千葉県,柏市,中新宿
2770071,千葉県,柏市,豊住
2770072,千葉県,柏市,つくしが丘
2770073,千葉県,柏市,今谷南町
2770074,千葉県,柏市,今谷上町
2770075,千葉県,柏市,南柏中央
2770081,千葉県,柏市,富里
2770082,千葉県,柏市,緑ケ丘
2770083,千葉県,柏市,日立台
2770084,千葉県,柏市,新柏
2770085,千葉県,柏市,中原
2770086,千葉県,柏市,永楽台
2770087,千葉県,柏市,常盤台
2770088,千葉県,柏市,ひばりが丘
2770801,千葉県,柏市,船戸山高野
2770802,千葉県,柏市,船戸
2770803,千葉県,柏市,小青田
2770804,千葉県,柏市,新十余二
2770805,千葉県,柏市,大青田
2770806,千葉県,柏市,柏インター東
2770811,千葉県,柏市,上利根
2770812,千葉県,柏市,花野井
2770813,千葉県,柏市,大室
2770814,千葉県,柏市,正連寺
2770821,千葉県,柏市,弁天下
2770822,千葉県,柏市,布施下
2770823,千葉県,柏市,布施新町
2770824,千葉県,柏市,布施新田
2770825,千葉県,柏市,布施
2770826,千葉県,柏市,宿連寺
2770827,千葉県,柏市,松葉町
2770831,千葉県,柏市,根戸
2770832,千葉県,柏市,北柏
2770833,千葉県,柏市,根戸新田
2770834,千葉県,柏市,松ケ崎新田
2770835,千葉県,柏市,松ケ崎
2770836,千葉県,柏市,北柏台
2770837,千葉県,柏市,大山台
2770841,千葉県,柏市,あけぼの
2770842,千葉県,柏市,末広町
2770843,千葉県,柏市,明原
2770844,千葉県,柏市,西町
2770845,千葉県,柏市,豊四季台
2770846,千葉県,柏市,かやの町
2770851,千葉県,柏市,向原町
2770852,千葉県,柏市,旭町
2770853,千葉県,柏市,吉野沢
2770854,千葉県,柏市,豊町
2770855,千葉県,柏市,南柏
2770856,千葉県,柏市,新富町
2770857,千葉県,柏市,豊平町
2770858,千葉県,柏市,豊上町
2770861,千葉県,柏市,高田
2770862,千葉県,柏市,篠籠田
2770863,千葉県,柏市,豊四季
2770871,千葉県,柏市,若柴
2770872,千葉県,柏市,十余二
2770873,千葉県,柏市,中十余二
2770874,千葉県,柏市,柏インター南
2770881,千葉県,柏市,青田新田飛地
2770882,千葉県,柏市,柏の葉
2770883,千葉県,柏市,伊勢原
2770884,千葉県,柏市,みどり台
2770885,千葉県,柏市,西原
2770886,千葉県,柏市,西柏台
2770901,千葉県,柏市,大井新田
2770902,千葉県,柏市,大井
2770903,千葉県,柏市,緑台
2770911,千葉県,柏市,箕輪新田
2770912,千葉県,柏市,箕輪
2770913,千葉県,柏市,五條谷
2770921,千葉県,柏市,大津ケ丘
2770922,千葉県,柏市,大島田
2770923,千葉県,柏市,塚崎
2770924,千葉県,柏市,風早
2770931,千葉県,柏市,藤ケ谷
2770932,千葉県,柏市,藤ケ谷新田
2770941,千葉県,柏市,高柳
2770942,千葉県,柏市,高南台
2770943,千葉県,柏市,高柳新田
2770944,千葉県,柏市,南高柳
2770945,千葉県,柏市,しいの木台
2778501,千葉県,柏市,柏２丁目２−３
2778503,千葉県,柏市,大島田４８−１
2778504,千葉県,柏市,柏の葉６丁目４−２
2778505,千葉県,柏市,柏５丁目１０−１
2778507,千葉県,柏市,柏２丁目５−７住友生命柏ビル
2778511,千葉県,柏市,豊四季２４１−２２
2778515,千葉県,柏市,新十余二１１
2778518,千葉県,柏市,若柴１７５
2778519,千葉県,柏市,若柴１７８番地４柏の葉キャンパス１４８街区２
2778520,千葉県,柏市,若柴１７８番地４柏の葉キャンパス１４８街区２
2778521,千葉県,柏市,柏１丁目１−２１
2778522,千葉県,柏市,あけぼの２丁目１−３０
2778531,千葉県,柏市,十余二赤坂台４０９
2778533,千葉県,柏市,新十余二１０番地１
2778539,千葉県,柏市,新十余二５
2778550,千葉県,柏市,末広町１−１
2778551,千葉県,柏市,あけぼの３丁目８−２０
2778554,千葉県,柏市,松ケ崎７２２−１
2778556,千葉県,柏市,十余二３４８
2778557,千葉県,柏市,十余二２１７
2778558,千葉県,柏市,あけぼの２丁目１−５
2778561,千葉県,柏市,柏の葉５丁目１番５号
2778564,千葉県,柏市,柏の葉５−１−５
2778565,千葉県,柏市,十余二４０９
2778566,千葉県,柏市,末広町５−１９第１２関口ビル２Ｆ
2778569,千葉県,柏市,柏の葉５−１−５
2778570,千葉県,柏市,旭町３丁目２番１号
2778571,千葉県,柏市,藤ケ谷１８２３ナカノ商会柏沼南物流センター内
2778572,千葉県,柏市,新十余二１３−１ＳＧリアルティ柏Ｂ棟２Ｆ
2778573,千葉県,柏市,新十余二１３−１ＳＧリアルティ柏Ａ棟５Ｆ
2778574,千葉県,柏市,柏の葉５−１−５
2778577,千葉県,柏市,柏の葉６丁目５−１
2778579,千葉県,柏市,青田新田飛地字向割２５９−１
2778581,千葉県,柏市,柏の葉５丁目１−５
2778582,千葉県,柏市,柏の葉５丁目１−５
2778584,千葉県,柏市,柏の葉５−１−５
2778585,千葉県,柏市,大井２５９０
2778586,千葉県,柏市,根戸１−３
2778587,千葉県,柏市,柏の葉５−１−５
2778588,千葉県,柏市,末広町１４−１明治安田生命柏フェイムズ９階
2778589,千葉県,柏市,柏の葉５丁目１番５号
2778654,千葉県,柏市,光ケ丘２丁目１−１
2778655,千葉県,柏市,東上町８−１８（柏郵便局私書箱第３３号）
2778661,千葉県,柏市,藤ケ谷（柏郵便局私書箱第２８号）
2778666,千葉県,柏市,末広町３−１６
2778686,千葉県,柏市,光ケ丘２丁目１−１
2780000,千葉県,野田市,
2780001,千葉県,野田市,目吹
2780002,千葉県,野田市,木野崎
2780003,千葉県,野田市,鶴奉
2780004,千葉県,野田市,横内
2780005,千葉県,野田市,宮崎
2780006,千葉県,野田市,柳沢
2780007,千葉県,野田市,金杉
2780011,千葉県,野田市,三ツ堀
2780012,千葉県,野田市,瀬戸
2780013,千葉県,野田市,上三ケ尾
2780014,千葉県,野田市,下三ケ尾
2780015,千葉県,野田市,西三ケ尾
2780016,千葉県,野田市,二ツ塚
2780017,千葉県,野田市,大殿井
2780021,千葉県,野田市,堤根
2780022,千葉県,野田市,山崎
2780023,千葉県,野田市,山崎貝塚町
2780024,千葉県,野田市,山崎梅の台
2780025,千葉県,野田市,今上
2780026,千葉県,野田市,花井
2780027,千葉県,野田市,みずき
2780028,千葉県,野田市,桜木
2780029,千葉県,野田市,山崎新町
2780031,千葉県,野田市,中根
2780032,千葉県,野田市,桜台
2780033,千葉県,野田市,上花輪
2780034,千葉県,野田市,上花輪新町
2780035,千葉県,野田市,中野台
2780036,千葉県,野田市,中野台鹿島町
2780037,千葉県,野田市,野田
2780038,千葉県,野田市,つつみ野
2780041,千葉県,野田市,蕃昌
2780042,千葉県,野田市,吉春
2780043,千葉県,野田市,清水
2780044,千葉県,野田市,堤台
2780045,千葉県,野田市,座生
2780046,千葉県,野田市,谷津
2780047,千葉県,野田市,清水公園東
2780048,千葉県,野田市,桜の里
2780051,千葉県,野田市,七光台
2780052,千葉県,野田市,春日町
2780053,千葉県,野田市,五木新町
2780054,千葉県,野田市,五木
2780055,千葉県,野田市,岩名
2780056,千葉県,野田市,五木新田
2780057,千葉県,野田市,光葉町
2788501,千葉県,野田市,横内２９−１
2788510,千葉県,野田市,山崎２６４１
2788521,千葉県,野田市,山崎２６８３−１
2788533,千葉県,野田市,金杉２３１９
2788550,千葉県,野田市,鶴奉７−１
2788555,千葉県,野田市,山崎６９１
2788570,千葉県,野田市,西三ケ尾３５５−１５
2788577,千葉県,野田市,七光台１３５番地
2788601,千葉県,野田市,野田２５０番地（野田郵便局私書箱第１号）
2788601,千葉県,野田市,野田２５０（野田郵便局私書箱第１号）
2788601,千葉県,野田市,野田２５０番地（野田郵便局私書箱第１号）
2788601,千葉県,野田市,野田２５０番地（野田郵便局私書箱第１号）
2788601,千葉県,野田市,野田２５０番地（野田郵便局私書箱第１号）
2788686,千葉県,野田市,中根３１０
2790000,千葉県,浦安市,
2790001,千葉県,浦安市,当代島
2790002,千葉県,浦安市,北栄
2790003,千葉県,浦安市,海楽
2790004,千葉県,浦安市,猫実
2790011,千葉県,浦安市,美浜
2790012,千葉県,浦安市,入船
2790013,千葉県,浦安市,日の出
2790014,千葉県,浦安市,明海
2790021,千葉県,浦安市,富岡
2790022,千葉県,浦安市,今川
2790023,千葉県,浦安市,高洲
2790024,千葉県,浦安市,港
2790025,千葉県,浦安市,鉄鋼通り
2790026,千葉県,浦安市,弁天
2790031,千葉県,浦安市,舞浜
2790032,千葉県,浦安市,千鳥
2790041,千葉県,浦安市,堀江
2790042,千葉県,浦安市,東野
2790043,千葉県,浦安市,富士見
2798501,千葉県,浦安市,猫実１丁目１−１
2798502,千葉県,浦安市,明海７−１−１
2798503,千葉県,浦安市,日の出７−１−１
2798505,千葉県,浦安市,舞浜２９−１
2798511,千葉県,浦安市,舞浜１−１
2798516,千葉県,浦安市,舞浜１番地１
2798518,千葉県,浦安市,舞浜２番地５０
2798519,千葉県,浦安市,舞浜１−１３
2798521,千葉県,浦安市,舞浜１番地１
2798522,千葉県,浦安市,舞浜２番地１１
2798524,千葉県,浦安市,舞浜３５番地１
2798525,千葉県,浦安市,舞浜３５−１
2798526,千葉県,浦安市,舞浜３５−１
2798529,千葉県,浦安市,舞浜１−４
2798530,千葉県,浦安市,日の出１
2798531,千葉県,浦安市,舞浜１−１
2798532,千葉県,浦安市,美浜１−９−２パシフィックマークス新浦安４階
2798541,千葉県,浦安市,千鳥１２−１５
2798550,千葉県,浦安市,明海８
2798553,千葉県,浦安市,日の出２丁目１−８
2798555,千葉県,浦安市,美浜１丁目８−１
2798558,千葉県,浦安市,東野３−１１−１
2798567,千葉県,浦安市,明海２３
2798580,千葉県,浦安市,美浜一丁目８番１号ＯＬＣ新浦安ビル
2798581,千葉県,浦安市,美浜一丁目８番１号ＯＬＣ新浦安ビル５階
2798582,千葉県,浦安市,美浜一丁目８番１号ＯＬＣ新浦安ビル５階
2798583,千葉県,浦安市,美浜一丁目８番１号ＯＬＣ新浦安ビル４階
2798585,千葉県,浦安市,舞浜１−８
2798588,千葉県,浦安市,入船１丁目５−２
2798601,千葉県,浦安市,今川１−１１−３７
2798686,千葉県,浦安市,高洲２−４−１０
2820001,千葉県,成田市,天浪
2820002,千葉県,成田市,天神峰
2820003,千葉県,成田市,東峰
2820004,千葉県,成田市,古込
2820005,千葉県,成田市,木の根
2820006,千葉県,成田市,取香
2820007,千葉県,成田市,堀之内
2820009,千葉県,成田市,十余三
2820010,千葉県,成田市,吉岡
2820011,千葉県,成田市,三里塚
2820012,千葉県,成田市,東三里塚
2820021,千葉県,成田市,駒井野
2820027,千葉県,成田市,小菅
2820031,千葉県,香取郡多古町,一鍬田
2820032,千葉県,山武郡芝山町,香山新田
2820033,千葉県,山武郡芝山町,菱田
2820034,千葉県,山武郡芝山町,大里
2820035,千葉県,山武郡芝山町,岩山
2828602,千葉県,成田市,古込字込前１３３
2828610,千葉県,成田市,（成田国際空港郵便局私書箱第１００１号）
2830000,千葉県,東金市,
2830001,千葉県,東金市,家之子
2830002,千葉県,東金市,求名
2830003,千葉県,東金市,道庭
2830004,千葉県,東金市,二又
2830005,千葉県,東金市,田間
2830006,千葉県,東金市,東新宿
2830011,千葉県,東金市,上武射田
2830012,千葉県,東金市,下武射田
2830013,千葉県,東金市,士農田
2830014,千葉県,東金市,関内
2830015,千葉県,東金市,前之内
2830016,千葉県,東金市,菱沼
2830021,千葉県,東金市,東中
2830022,千葉県,東金市,高倉
2830023,千葉県,東金市,宮
2830024,千葉県,東金市,御門
2830025,千葉県,東金市,殿廻
2830026,千葉県,東金市,中野
2830027,千葉県,東金市,堀之内
2830028,千葉県,東金市,三浦名
2830031,千葉県,東金市,薄島
2830032,千葉県,東金市,荒生
2830033,千葉県,東金市,宿
2830034,千葉県,東金市,大沼
2830035,千葉県,東金市,粟生飛地
2830036,千葉県,東金市,不動堂飛地
2830037,千葉県,東金市,細屋敷
2830038,千葉県,東金市,関下
2830041,千葉県,東金市,広瀬
2830042,千葉県,東金市,西野飛地
2830043,千葉県,東金市,藤下飛地
2830044,千葉県,東金市,小沼田
2830045,千葉県,東金市,西中
2830046,千葉県,東金市,上谷
2830047,千葉県,東金市,北幸谷
2830048,千葉県,東金市,幸田
2830051,千葉県,東金市,大沼田
2830052,千葉県,東金市,二之袋
2830053,千葉県,東金市,東中島
2830054,千葉県,東金市,下谷
2830055,千葉県,東金市,依古島
2830056,千葉県,東金市,砂古瀬
2830057,千葉県,東金市,一之袋
2830061,千葉県,東金市,北之幸谷
2830062,千葉県,東金市,家徳
2830063,千葉県,東金市,堀上
2830064,千葉県,東金市,川場
2830065,千葉県,東金市,押堀
2830066,千葉県,東金市,南上宿
2830067,千葉県,東金市,東上宿
2830068,千葉県,東金市,東岩崎
2830100,千葉県,山武郡九十九里町,
2830101,千葉県,山武郡九十九里町,作田
2830102,千葉県,山武郡九十九里町,小関
2830103,千葉県,山武郡九十九里町,田中荒生
2830104,千葉県,山武郡九十九里町,片貝
2830105,千葉県,山武郡九十九里町,粟生
2830106,千葉県,山武郡九十九里町,宿
2830107,千葉県,山武郡九十九里町,荒生
2830111,千葉県,山武郡九十九里町,細屋敷
2830112,千葉県,山武郡九十九里町,藤下
2830113,千葉県,山武郡九十九里町,不動堂
2830114,千葉県,山武郡九十九里町,真亀
2830115,千葉県,山武郡九十九里町,真亀新田
2830116,千葉県,山武郡九十九里町,西野
2830117,千葉県,山武郡九十九里町,下貝塚
2830195,千葉県,山武郡九十九里町,片貝４０９９
2830801,千葉県,東金市,八坂台
2830802,千葉県,東金市,東金
2830803,千葉県,東金市,日吉台
2830804,千葉県,東金市,油井
2830805,千葉県,東金市,松之郷
2830811,千葉県,東金市,台方
2830812,千葉県,東金市,福俵
2830813,千葉県,東金市,山口
2830814,千葉県,東金市,田中
2830815,千葉県,東金市,大豆谷
2830816,千葉県,東金市,西福俵
2830821,千葉県,東金市,小野
2830822,千葉県,東金市,季美の森東
2830823,千葉県,東金市,山田
2830824,千葉県,東金市,丹尾
2830825,千葉県,東金市,滝
2830826,千葉県,東金市,丘山台
2830831,千葉県,東金市,酒蔵
2830832,千葉県,東金市,三ケ尻
2830833,千葉県,東金市,滝沢
2830834,千葉県,東金市,上布田
2830835,千葉県,東金市,極楽寺
2838501,千葉県,東金市,東新宿１−１−１１
2838511,千葉県,東金市,東岩崎１−１
2838555,千葉県,東金市,求名１
2838588,千葉県,東金市,台方１２２９
2838650,千葉県,東金市,家徳３８−１（東金郵便局私書箱第８号）
2838686,千葉県,東金市,丘山台三丁目６番２
2838701,千葉県,東金市,東金１１８７−１
2840000,千葉県,四街道市,
2840001,千葉県,四街道市,大日
2840002,千葉県,四街道市,萱橋
2840003,千葉県,四街道市,鹿渡
2840004,千葉県,四街道市,みのり町
2840005,千葉県,四街道市,四街道
2840006,千葉県,四街道市,下志津新田
2840007,千葉県,四街道市,さつきケ丘
2840008,千葉県,四街道市,鹿放ケ丘
2840009,千葉県,四街道市,中央
2840011,千葉県,四街道市,亀崎
2840012,千葉県,四街道市,物井
2840013,千葉県,四街道市,内黒田
2840014,千葉県,四街道市,池花
2840015,千葉県,四街道市,千代田
2840016,千葉県,四街道市,もねの里
2840021,千葉県,四街道市,長岡
2840022,千葉県,四街道市,山梨
2840023,千葉県,四街道市,みそら
2840024,千葉県,四街道市,旭ケ丘
2840025,千葉県,四街道市,さちが丘
2840026,千葉県,四街道市,つくし座
2840027,千葉県,四街道市,栗山
2840031,千葉県,四街道市,成山
2840032,千葉県,四街道市,吉岡
2840033,千葉県,四街道市,鷹の台
2840034,千葉県,四街道市,南波佐間
2840035,千葉県,四街道市,和田
2840036,千葉県,四街道市,中野
2840037,千葉県,四街道市,中台
2840041,千葉県,四街道市,上野
2840042,千葉県,四街道市,小名木
2840043,千葉県,四街道市,めいわ
2840044,千葉県,四街道市,和良比
2840045,千葉県,四街道市,美しが丘
2848555,千葉県,四街道市,鹿渡無番地
2850000,千葉県,佐倉市,
2850001,千葉県,佐倉市,土浮
2850002,千葉県,佐倉市,萩山新田
2850003,千葉県,佐倉市,飯野
2850004,千葉県,佐倉市,岩名
2850005,千葉県,佐倉市,宮前
2850006,千葉県,佐倉市,下根
2850007,千葉県,佐倉市,下根町
2850008,千葉県,佐倉市,鹿島干拓
2850009,千葉県,佐倉市,飯野町
2850011,千葉県,佐倉市,山崎
2850012,千葉県,佐倉市,田町
2850013,千葉県,佐倉市,海隣寺町
2850014,千葉県,佐倉市,栄町
2850015,千葉県,佐倉市,並木町
2850016,千葉県,佐倉市,宮小路町
2850017,千葉県,佐倉市,城内町
2850021,千葉県,佐倉市,最上町
2850022,千葉県,佐倉市,中尾余町
2850023,千葉県,佐倉市,新町
2850024,千葉県,佐倉市,裏新町
2850025,千葉県,佐倉市,鏑木町
2850026,千葉県,佐倉市,鏑木仲田町
2850031,千葉県,佐倉市,飯田台
2850032,千葉県,佐倉市,飯田
2850033,千葉県,佐倉市,鍋山町
2850034,千葉県,佐倉市,千成
2850035,千葉県,佐倉市,樹木町
2850036,千葉県,佐倉市,藤沢町
2850037,千葉県,佐倉市,本町
2850038,千葉県,佐倉市,弥勒町
2850039,千葉県,佐倉市,野狐台町
2850041,千葉県,佐倉市,大佐倉
2850042,千葉県,佐倉市,将門町
2850043,千葉県,佐倉市,大蛇町
2850044,千葉県,佐倉市,上代
2850045,千葉県,佐倉市,白銀
2850046,千葉県,佐倉市,高岡
2850051,千葉県,佐倉市,長熊
2850052,千葉県,佐倉市,八木
2850053,千葉県,佐倉市,下勝田
2850054,千葉県,佐倉市,上勝田
2850055,千葉県,佐倉市,瓜坪新田
2850056,千葉県,佐倉市,坪山新田
2850057,千葉県,佐倉市,米戸
2850061,千葉県,佐倉市,高崎
2850062,千葉県,佐倉市,寒風
2850063,千葉県,佐倉市,宮本
2850064,千葉県,佐倉市,天辺
2850065,千葉県,佐倉市,直弥
2850066,千葉県,佐倉市,上別所
2850071,千葉県,佐倉市,岩富
2850072,千葉県,佐倉市,岩富町
2850073,千葉県,佐倉市,七曲
2850074,千葉県,佐倉市,西御門
2850075,千葉県,佐倉市,宮内
2850076,千葉県,佐倉市,飯塚
2850077,千葉県,佐倉市,内田
2850078,千葉県,佐倉市,坂戸
2850801,千葉県,佐倉市,木野子
2850802,千葉県,佐倉市,大作
2850803,千葉県,佐倉市,神門
2850804,千葉県,佐倉市,馬渡
2850805,千葉県,佐倉市,小篠塚
2850806,千葉県,佐倉市,大篠塚
2850807,千葉県,佐倉市,山王
2850808,千葉県,佐倉市,太田
2850811,千葉県,佐倉市,表町
2850812,千葉県,佐倉市,六崎
2850813,千葉県,佐倉市,石川
2850814,千葉県,佐倉市,春路
2850815,千葉県,佐倉市,城
2850816,千葉県,佐倉市,藤治台
2850817,千葉県,佐倉市,大崎台
2850818,千葉県,佐倉市,寺崎
2850819,千葉県,佐倉市,寺崎北
2850821,千葉県,佐倉市,角来
2850822,千葉県,佐倉市,印南
2850823,千葉県,佐倉市,江原新田
2850824,千葉県,佐倉市,江原
2850825,千葉県,佐倉市,江原台
2850831,千葉県,佐倉市,染井野
2850832,千葉県,佐倉市,飯重
2850833,千葉県,佐倉市,羽鳥
2850834,千葉県,佐倉市,吉見
2850835,千葉県,佐倉市,畔田
2850836,千葉県,佐倉市,生谷
2850837,千葉県,佐倉市,王子台
2850841,千葉県,佐倉市,下志津
2850842,千葉県,佐倉市,下志津原
2850843,千葉県,佐倉市,中志津
2850844,千葉県,佐倉市,上志津原
2850845,千葉県,佐倉市,西志津
2850846,千葉県,佐倉市,上志津
2850850,千葉県,佐倉市,西ユーカリが丘
2850851,千葉県,佐倉市,先崎
2850852,千葉県,佐倉市,青菅
2850853,千葉県,佐倉市,小竹
2850854,千葉県,佐倉市,上座
2850855,千葉県,佐倉市,井野
2850856,千葉県,佐倉市,井野町
2850857,千葉県,佐倉市,宮ノ台
2850858,千葉県,佐倉市,ユーカリが丘
2850859,千葉県,佐倉市,南ユーカリが丘
2850861,千葉県,佐倉市,臼井田
2850862,千葉県,佐倉市,新臼井田
2850863,千葉県,佐倉市,臼井
2850864,千葉県,佐倉市,稲荷台
2850865,千葉県,佐倉市,南臼井台
2850866,千葉県,佐倉市,臼井台
2850867,千葉県,佐倉市,八幡台
2850900,千葉県,印旛郡酒々井町,
2850901,千葉県,印旛郡酒々井町,篠山新田
2850902,千葉県,印旛郡酒々井町,伊篠
2850903,千葉県,印旛郡酒々井町,今倉新田
2850904,千葉県,印旛郡酒々井町,伊篠新田
2850905,千葉県,印旛郡酒々井町,上岩橋
2850906,千葉県,印旛郡酒々井町,柏木
2850907,千葉県,印旛郡酒々井町,下岩橋
2850911,千葉県,印旛郡酒々井町,尾上
2850912,千葉県,印旛郡酒々井町,飯積
2850913,千葉県,印旛郡酒々井町,墨
2850914,千葉県,印旛郡酒々井町,馬橋
2850921,千葉県,印旛郡酒々井町,中川
2850922,千葉県,印旛郡酒々井町,中央台
2850923,千葉県,印旛郡酒々井町,東酒々井
2850924,千葉県,印旛郡酒々井町,下台
2850925,千葉県,印旛郡酒々井町,上本佐倉
2850926,千葉県,印旛郡酒々井町,本佐倉
2850927,千葉県,印旛郡酒々井町,酒々井
2850928,千葉県,印旛郡酒々井町,ふじき野
2858501,千葉県,佐倉市,海隣寺町９７
2858502,千葉県,佐倉市,城内町１１７
2858503,千葉県,佐倉市,鏑木仲田町８番１
2858505,千葉県,佐倉市,坂戸６３１
2858509,千葉県,印旛郡酒々井町,飯積２−４−１
2858510,千葉県,印旛郡酒々井町,中央台４丁目１１
2858511,千葉県,佐倉市,太田字外野２３４８
2858520,千葉県,佐倉市,鏑木仲田町８番１
2858521,千葉県,佐倉市,岩富３８０
2858522,千葉県,佐倉市,太田字外野２３４８
2858533,千葉県,佐倉市,宮小路町１２番地
2858550,千葉県,佐倉市,六崎１４４０
2858567,千葉県,佐倉市,山王１丁目９
2858580,千葉県,佐倉市,大作２丁目３番３号
2858585,千葉県,佐倉市,大作２丁目５番地１
2858586,千葉県,印旛郡酒々井町,本佐倉４１５−２
2858588,千葉県,佐倉市,太田２０５６
2858619,千葉県,佐倉市,大蛇町２８１
2858655,千葉県,佐倉市,大作２丁目４−２
2858668,千葉県,佐倉市,坂戸６３１番地
2858765,千葉県,佐倉市,江原台２丁目３６−２
2860000,千葉県,成田市,
2860001,千葉県,成田市,船形
2860002,千葉県,成田市,八代
2860003,千葉県,成田市,台方
2860004,千葉県,成田市,宗吾
2860005,千葉県,成田市,下方
2860006,千葉県,成田市,北須賀
2860007,千葉県,成田市,はなのき台
2860011,千葉県,成田市,玉造
2860012,千葉県,成田市,山口
2860013,千葉県,成田市,美郷台
2860014,千葉県,成田市,郷部
2860015,千葉県,成田市,中台
2860016,千葉県,成田市,米野
2860017,千葉県,成田市,赤坂
2860018,千葉県,成田市,吾妻
2860021,千葉県,成田市,土屋
2860022,千葉県,成田市,寺台
2860023,千葉県,成田市,成田
2860024,千葉県,成田市,田町
2860025,千葉県,成田市,東町
2860026,千葉県,成田市,本町
2860027,千葉県,成田市,仲町
2860028,千葉県,成田市,幸町
2860029,千葉県,成田市,ウイング土屋
2860031,千葉県,成田市,新町
2860032,千葉県,成田市,上町
2860033,千葉県,成田市,花崎町
2860034,千葉県,成田市,馬橋
2860035,千葉県,成田市,囲護台
2860036,千葉県,成田市,加良部
2860037,千葉県,成田市,橋賀台
2860041,千葉県,成田市,飯田町
2860042,千葉県,成田市,南平台
2860043,千葉県,成田市,大袋
2860044,千葉県,成田市,不動ケ岡
2860045,千葉県,成田市,並木町
2860046,千葉県,成田市,飯仲
2860047,千葉県,成田市,江弁須
2860048,千葉県,成田市,公津の杜
2860101,千葉県,成田市,十余三
2860102,千葉県,成田市,天神峰
2860103,千葉県,成田市,東峰
2860104,千葉県,成田市,古込
2860105,千葉県,成田市,木の根
2860106,千葉県,成田市,取香
2860107,千葉県,成田市,堀之内
2860108,千葉県,成田市,長田
2860111,千葉県,成田市,三里塚
2860112,千葉県,成田市,東三里塚
2860113,千葉県,成田市,南三里塚
2860114,千葉県,成田市,本城
2860115,千葉県,成田市,西三里塚
2860116,千葉県,成田市,三里塚御料
2860117,千葉県,成田市,三里塚光ケ丘
2860118,千葉県,成田市,本三里塚
2860121,千葉県,成田市,駒井野
2860122,千葉県,成田市,大清水
2860123,千葉県,成田市,新駒井野
2860124,千葉県,成田市,畑ケ田
2860125,千葉県,成田市,川栗
2860126,千葉県,成田市,久米野
2860127,千葉県,成田市,小菅
2860131,千葉県,成田市,大山
2860132,千葉県,成田市,馬場
2860133,千葉県,成田市,吉倉
2860134,千葉県,成田市,東和田
2860135,千葉県,成田市,山之作
2860136,千葉県,成田市,久米
2860137,千葉県,成田市,御所の内
2860200,千葉県,富里市,
2860201,千葉県,富里市,日吉台
2860202,千葉県,富里市,日吉倉
2860203,千葉県,富里市,久能
2860204,千葉県,富里市,大和
2860205,千葉県,富里市,根木名
2860211,千葉県,富里市,御料
2860212,千葉県,富里市,十倉
2860213,千葉県,富里市,高松
2860214,千葉県,富里市,立沢
2860215,千葉県,富里市,立沢新田
2860216,千葉県,富里市,高野
2860221,千葉県,富里市,七栄
2860222,千葉県,富里市,中沢
2860223,千葉県,富里市,新中沢
2860224,千葉県,富里市,新橋
2860225,千葉県,富里市,美沢
2860292,千葉県,富里市,七栄６５２−１
2860801,千葉県,成田市,竜台
2860802,千葉県,成田市,北部
2860803,千葉県,成田市,安西
2860804,千葉県,成田市,長沼
2860805,千葉県,成田市,南羽鳥
2860806,千葉県,成田市,南部
2860807,千葉県,成田市,北羽鳥
2860808,千葉県,成田市,佐野
2860811,千葉県,成田市,磯部
2860812,千葉県,成田市,水掛
2860813,千葉県,成田市,飯岡
2860814,千葉県,成田市,幡谷
2860815,千葉県,成田市,土室
2860816,千葉県,成田市,成毛
2860817,千葉県,成田市,大生
2860818,千葉県,成田市,荒海
2860819,千葉県,成田市,久住中央
2860821,千葉県,成田市,大室
2860822,千葉県,成田市,芝
2860823,千葉県,成田市,小泉
2860824,千葉県,成田市,野毛平
2860825,千葉県,成田市,新泉
2860826,千葉県,成田市,東和泉
2860827,千葉県,成田市,西和泉
2860831,千葉県,成田市,芦田
2860832,千葉県,成田市,赤荻
2860833,千葉県,成田市,東金山
2860834,千葉県,成田市,和田
2860835,千葉県,成田市,関戸
2860836,千葉県,成田市,下金山
2860837,千葉県,成田市,新妻
2860841,千葉県,成田市,大竹
2860842,千葉県,成田市,上福田
2860843,千葉県,成田市,下福田
2860844,千葉県,成田市,宝田
2860845,千葉県,成田市,押畑
2860846,千葉県,成田市,松崎
2868501,千葉県,成田市,加良部１−１５
2868521,千葉県,成田市,赤坂２−１−１０
2868585,千葉県,成田市,花崎町７６０
2868588,千葉県,成田市,南羽鳥字松ケ下５７０−２
2868686,千葉県,成田市,公津の杜４丁目３番
2870000,千葉県,香取市,
2870001,千葉県,香取市,佐原ロ
2870002,千葉県,香取市,北
2870003,千葉県,香取市,佐原イ
2870004,千葉県,香取市,岩ケ崎台
2870005,千葉県,香取市,佐原ホ
2870006,千葉県,香取市,篠原イ
2870011,千葉県,香取市,津宮
2870012,千葉県,香取市,大倉丁子
2870013,千葉県,香取市,大倉
2870014,千葉県,香取市,多田
2870015,千葉県,香取市,吉原
2870016,千葉県,香取市,新市場
2870017,千葉県,香取市,香取
2870018,千葉県,香取市,丁子
2870021,千葉県,香取市,下小野
2870022,千葉県,香取市,九美上
2870023,千葉県,香取市,伊地山
2870024,千葉県,香取市,福田
2870025,千葉県,香取市,本矢作
2870026,千葉県,香取市,大根
2870027,千葉県,香取市,返田
2870031,千葉県,香取市,新部
2870032,千葉県,香取市,釜塚
2870033,千葉県,香取市,牧野
2870034,千葉県,香取市,長山
2870035,千葉県,香取市,大崎
2870036,千葉県,香取市,観音
2870037,千葉県,香取市,与倉
2870038,千葉県,香取市,鳥羽
2870041,千葉県,香取市,玉造
2870042,千葉県,香取市,山之辺
2870043,千葉県,香取市,大戸
2870044,千葉県,香取市,片野
2870045,千葉県,香取市,関
2870046,千葉県,香取市,上小川
2870047,千葉県,香取市,鴇崎
2870048,千葉県,香取市,西和田
2870051,千葉県,香取市,新寺
2870052,千葉県,香取市,森戸
2870053,千葉県,香取市,大戸新田
2870054,千葉県,香取市,大戸川
2870055,千葉県,香取市,昭和町
2870056,千葉県,香取市,飯島
2870061,千葉県,香取市,谷中
2870062,千葉県,香取市,寺内
2870063,千葉県,香取市,西坂
2870064,千葉県,香取市,みずほ台
2870065,千葉県,香取市,西部田
2870066,千葉県,香取市,堀之内
2870067,千葉県,香取市,川尻
2870101,千葉県,香取市,高萩
2870102,千葉県,香取市,岩部
2870103,千葉県,香取市,西田部
2870104,千葉県,香取市,苅毛
2870105,千葉県,香取市,沢
2870106,千葉県,香取市,荒北
2870107,千葉県,香取市,助沢
2870201,千葉県,成田市,柴田
2870202,千葉県,成田市,堀籠
2870203,千葉県,成田市,村田
2870204,千葉県,成田市,伊能
2870205,千葉県,成田市,奈土
2870206,千葉県,成田市,浅間
2870211,千葉県,成田市,所
2870212,千葉県,成田市,東ノ台
2870213,千葉県,成田市,大沼
2870214,千葉県,成田市,横山
2870215,千葉県,成田市,馬乗里
2870216,千葉県,成田市,南敷
2870217,千葉県,成田市,桜田
2870221,千葉県,成田市,官林
2870222,千葉県,成田市,前林
2870224,千葉県,成田市,新田
2870225,千葉県,成田市,吉岡
2870227,千葉県,成田市,一坪田
2870232,千葉県,成田市,久井崎
2870233,千葉県,成田市,稲荷山
2870234,千葉県,成田市,松子
2870235,千葉県,成田市,臼作
2870236,千葉県,成田市,津富浦
2870237,千葉県,成田市,中野
2870241,千葉県,成田市,水の上
2870242,千葉県,成田市,多良貝
2870243,千葉県,成田市,大栄十余三
2870244,千葉県,成田市,川上
2870292,千葉県,成田市,松子３６６
2870801,千葉県,香取市,扇島
2870802,千葉県,香取市,加藤洲
2870803,千葉県,香取市,磯山
2870804,千葉県,香取市,市和田
2870805,千葉県,香取市,公官洲
2870806,千葉県,香取市,附洲新田
2870811,千葉県,香取市,大島
2870812,千葉県,香取市,三島
2870813,千葉県,香取市,境島
2870814,千葉県,香取市,中洲
2870815,千葉県,香取市,八筋川
2870816,千葉県,香取市,佐原ハ
2870821,千葉県,香取市,篠原ロ
2870822,千葉県,香取市,佐原ニ
2870823,千葉県,香取市,笄島
2870824,千葉県,香取市,長島
2870825,千葉県,香取市,野間谷原
2870826,千葉県,香取市,石納
2878501,千葉県,香取市,佐原ロ２１２７
2878502,千葉県,香取市,佐原イ９２−１１
2878503,千葉県,香取市,佐原イ９２−１１
2878510,千葉県,香取市,佐原イ４１４９
2878555,千葉県,香取市,北１丁目４−１
2878585,千葉県,香取市,佐原ロ２１１６−１
2878601,千葉県,香取市,佐原イ５２５（佐原郵便局私書箱第２号）
2880000,千葉県,銚子市,
2880001,千葉県,銚子市,川口町
2880002,千葉県,銚子市,明神町
2880003,千葉県,銚子市,黒生町
2880004,千葉県,銚子市,笠上町
2880005,千葉県,銚子市,海鹿島町
2880006,千葉県,銚子市,榊町
2880007,千葉県,銚子市,愛宕町
2880011,千葉県,銚子市,君ケ浜
2880012,千葉県,銚子市,犬吠埼
2880013,千葉県,銚子市,長崎町
2880014,千葉県,銚子市,外川町
2880015,千葉県,銚子市,犬若
2880016,千葉県,銚子市,外川台町
2880021,千葉県,銚子市,小畑新町
2880022,千葉県,銚子市,小畑町
2880023,千葉県,銚子市,高神東町
2880024,千葉県,銚子市,天王台
2880025,千葉県,銚子市,潮見町
2880026,千葉県,銚子市,高神西町
2880027,千葉県,銚子市,高神原町
2880031,千葉県,銚子市,前宿町
2880032,千葉県,銚子市,東小川町
2880033,千葉県,銚子市,南小川町
2880034,千葉県,銚子市,粟島町
2880035,千葉県,銚子市,名洗町
2880036,千葉県,銚子市,西小川町
2880037,千葉県,銚子市,北小川町
2880038,千葉県,銚子市,南町
2880041,千葉県,銚子市,中央町
2880042,千葉県,銚子市,末広町
2880043,千葉県,銚子市,東芝町
2880044,千葉県,銚子市,西芝町
2880045,千葉県,銚子市,三軒町
2880046,千葉県,銚子市,大橋町
2880047,千葉県,銚子市,若宮町
2880048,千葉県,銚子市,双葉町
2880051,千葉県,銚子市,飯沼町
2880052,千葉県,銚子市,浜町
2880053,千葉県,銚子市,東町
2880054,千葉県,銚子市,馬場町
2880055,千葉県,銚子市,陣屋町
2880056,千葉県,銚子市,新生町
2880061,千葉県,銚子市,港町
2880062,千葉県,銚子市,竹町
2880063,千葉県,銚子市,清水町
2880064,千葉県,銚子市,後飯町
2880065,千葉県,銚子市,田中町
2880066,千葉県,銚子市,和田町
2880067,千葉県,銚子市,新地町
2880068,千葉県,銚子市,内浜町
2880071,千葉県,銚子市,植松町
2880072,千葉県,銚子市,弥生町
2880073,千葉県,銚子市,幸町
2880074,千葉県,銚子市,橋本町
2880075,千葉県,銚子市,通町
2880076,千葉県,銚子市,本町
2880077,千葉県,銚子市,仲町
2880801,千葉県,銚子市,唐子町
2880802,千葉県,銚子市,松本町
2880803,千葉県,銚子市,八幡町
2880804,千葉県,銚子市,今宮町
2880805,千葉県,銚子市,上野町
2880811,千葉県,銚子市,妙見町
2880812,千葉県,銚子市,栄町
2880813,千葉県,銚子市,台町
2880814,千葉県,銚子市,春日町
2880815,千葉県,銚子市,三崎町
2880816,千葉県,銚子市,春日台町
2880817,千葉県,銚子市,清川町
2880821,千葉県,銚子市,小浜町
2880822,千葉県,銚子市,八木町
2880823,千葉県,銚子市,親田町
2880824,千葉県,銚子市,常世田町
2880825,千葉県,銚子市,新町
2880831,千葉県,銚子市,本城町
2880832,千葉県,銚子市,松岸見晴台
2880833,千葉県,銚子市,垣根見晴台
2880834,千葉県,銚子市,高野町
2880835,千葉県,銚子市,垣根町
2880836,千葉県,銚子市,松岸町
2880837,千葉県,銚子市,長塚町
2880841,千葉県,銚子市,四日市場町
2880842,千葉県,銚子市,柴崎町
2880843,千葉県,銚子市,四日市場台
2880844,千葉県,銚子市,赤塚町
2880845,千葉県,銚子市,三宅町
2880846,千葉県,銚子市,余山町
2880851,千葉県,銚子市,三門町
2880852,千葉県,銚子市,岡野台町
2880853,千葉県,銚子市,白石町
2880854,千葉県,銚子市,茶畑町
2880855,千葉県,銚子市,猿田町
2880856,千葉県,銚子市,正明寺町
2880857,千葉県,銚子市,船木町
2880858,千葉県,銚子市,中島町
2880861,千葉県,銚子市,芦崎町
2880862,千葉県,銚子市,高田町
2880863,千葉県,銚子市,野尻町
2880864,千葉県,銚子市,小船木町
2880865,千葉県,銚子市,長山町
2880866,千葉県,銚子市,小長町
2880867,千葉県,銚子市,忍町
2880868,千葉県,銚子市,塚本町
2880871,千葉県,銚子市,富川町
2880872,千葉県,銚子市,森戸町
2880873,千葉県,銚子市,笹本町
2880874,千葉県,銚子市,豊里台
2880875,千葉県,銚子市,諸持町
2880876,千葉県,銚子市,桜井町
2880877,千葉県,銚子市,宮原町
2888601,千葉県,銚子市,若宮町１−１
2890100,千葉県,香取郡神崎町,
2890101,千葉県,成田市,小浮
2890102,千葉県,成田市,野馬込
2890103,千葉県,成田市,高
2890104,千葉県,成田市,冬父
2890105,千葉県,成田市,中里
2890106,千葉県,成田市,小野
2890107,千葉県,成田市,猿山
2890108,千葉県,成田市,高岡
2890109,千葉県,成田市,大和田
2890111,千葉県,成田市,名木
2890112,千葉県,成田市,青山
2890113,千葉県,成田市,倉水
2890114,千葉県,成田市,成井
2890115,千葉県,成田市,地蔵原新田
2890116,千葉県,成田市,名古屋
2890117,千葉県,成田市,七沢
2890121,千葉県,成田市,大菅
2890122,千葉県,成田市,高倉
2890123,千葉県,成田市,四谷
2890124,千葉県,成田市,西大須賀
2890125,千葉県,成田市,滑川
2890126,千葉県,成田市,新川
2890192,千葉県,成田市,猿山１０８０
2890201,千葉県,香取郡神崎町,高谷
2890202,千葉県,香取郡神崎町,郡
2890203,千葉県,香取郡神崎町,大貫
2890204,千葉県,香取郡神崎町,四季の丘
2890205,千葉県,香取郡神崎町,今
2890211,千葉県,香取郡神崎町,立野
2890212,千葉県,香取郡神崎町,武田
2890213,千葉県,香取郡神崎町,新
2890214,千葉県,香取郡神崎町,毛成
2890215,千葉県,香取郡神崎町,古原
2890216,千葉県,香取郡神崎町,植房
2890217,千葉県,香取郡神崎町,藤の台
2890221,千葉県,香取郡神崎町,神崎本宿
2890222,千葉県,香取郡神崎町,並木
2890223,千葉県,香取郡神崎町,小松
2890224,千葉県,香取郡神崎町,松崎
2890225,千葉県,香取郡神崎町,十三間戸
2890226,千葉県,香取郡神崎町,神崎神宿
2890292,千葉県,香取郡神崎町,神崎本宿１６３
2890301,千葉県,香取市,一ノ分目
2890302,千葉県,香取市,三ノ分目
2890303,千葉県,香取市,富田
2890304,千葉県,香取市,下小堀
2890305,千葉県,香取市,分郷
2890306,千葉県,香取市,上小堀
2890307,千葉県,香取市,増田
2890308,千葉県,香取市,木内虫幡上小堀入会地大平
2890311,千葉県,香取市,八日市場
2890312,千葉県,香取市,本郷
2890313,千葉県,香取市,小見川
2890314,千葉県,香取市,野田
2890321,千葉県,香取市,阿玉川
2890322,千葉県,香取市,下飯田
2890323,千葉県,香取市,岡飯田
2890324,千葉県,香取市,和泉
2890325,千葉県,香取市,貝塚
2890326,千葉県,香取市,阿玉台
2890327,千葉県,香取市,久保
2890328,千葉県,香取市,五郷内
2890329,千葉県,香取市,布野
2890331,千葉県,香取市,羽根川
2890332,千葉県,香取市,南原地新田
2890333,千葉県,香取市,入会地
2890334,千葉県,香取市,川頭
2890335,千葉県,香取市,北原地新田
2890336,千葉県,香取市,新々田
2890337,千葉県,香取市,木内
2890338,千葉県,香取市,下小川
2890341,千葉県,香取市,虫幡
2890342,千葉県,香取市,竜谷
2890343,千葉県,香取市,山川
2890344,千葉県,香取市,白井
2890345,千葉県,香取市,八本
2890346,千葉県,香取市,油田
2890347,千葉県,香取市,旗鉾
2890348,千葉県,香取市,織幡
2890349,千葉県,香取市,内野
2890392,千葉県,香取市,阿玉川１１０３
2890393,千葉県,香取市,羽根川３８
2890401,千葉県,香取市,米野井
2890402,千葉県,香取市,小見
2890403,千葉県,香取市,川上
2890404,千葉県,香取市,高野
2890405,千葉県,香取市,竹之内
2890406,千葉県,香取市,田部
2890407,千葉県,香取市,仁良
2890408,千葉県,香取市,神生
2890411,千葉県,香取市,府馬
2890412,千葉県,香取市,古内
2890413,千葉県,香取市,志高
2890414,千葉県,香取市,長岡
2890421,千葉県,香取市,鳩山
2890422,千葉県,香取市,桐谷
2890423,千葉県,香取市,小川
2890424,千葉県,香取市,新里
2890425,千葉県,香取市,大角
2890426,千葉県,香取市,山倉
2890492,千葉県,香取市,仁良３００番地１
2890501,千葉県,旭市,清和乙
2890502,千葉県,旭市,長部
2890503,千葉県,旭市,溝原
2890504,千葉県,旭市,櫻井
2890505,千葉県,旭市,萬歳
2890506,千葉県,旭市,さくら台
2890507,千葉県,旭市,清和甲
2890511,千葉県,旭市,鏑木
2890512,千葉県,旭市,南堀之内
2890513,千葉県,旭市,舟戸
2890514,千葉県,旭市,関戸
2890515,千葉県,旭市,入野
2890516,千葉県,旭市,米込
2890517,千葉県,旭市,萬力
2890518,千葉県,旭市,秋田
2890592,千葉県,旭市,南堀之内１０
2890600,千葉県,香取郡東庄町,
2890601,千葉県,香取郡東庄町,笹川い
2890602,千葉県,香取郡東庄町,笹川ろ
2890611,千葉県,香取郡東庄町,新宿
2890612,千葉県,香取郡東庄町,石出
2890613,千葉県,香取郡東庄町,東今泉
2890614,千葉県,香取郡東庄町,宮本
2890615,千葉県,香取郡東庄町,青馬
2890616,千葉県,香取郡東庄町,高部
2890617,千葉県,香取郡東庄町,羽計
2890618,千葉県,香取郡東庄町,谷津
2890619,千葉県,香取郡東庄町,今郡
2890621,千葉県,香取郡東庄町,大友
2890622,千葉県,香取郡東庄町,小座
2890623,千葉県,香取郡東庄町,宮野台
2890624,千葉県,香取郡東庄町,小南
2890625,千葉県,香取郡東庄町,夏目
2890626,千葉県,香取郡東庄町,八重穂
2890627,千葉県,香取郡東庄町,粟野
2890631,千葉県,香取郡東庄町,平山
2890632,千葉県,香取郡東庄町,窪野谷
2890633,千葉県,香取郡東庄町,大久保
2890634,千葉県,香取郡東庄町,舟戸
2890635,千葉県,香取郡東庄町,神田
2890636,千葉県,香取郡東庄町,東和田
2890637,千葉県,香取郡東庄町,小貝野
2890692,千葉県,香取郡東庄町,笹川い５７９−１
2891100,千葉県,八街市,
2891101,千葉県,八街市,朝日
2891102,千葉県,八街市,沖渡
2891103,千葉県,八街市,八街に
2891104,千葉県,八街市,文違
2891105,千葉県,八街市,泉台
2891106,千葉県,八街市,榎戸
2891107,千葉県,八街市,八街は
2891108,千葉県,八街市,雁丸
2891111,千葉県,八街市,大木
2891112,千葉県,八街市,木原
2891113,千葉県,八街市,八街へ
2891114,千葉県,八街市,東吉田
2891115,千葉県,八街市,八街ほ
2891116,千葉県,八街市,中央
2891121,千葉県,八街市,砂
2891122,千葉県,八街市,四木
2891123,千葉県,八街市,滝台
2891124,千葉県,八街市,山田台
2891125,千葉県,八街市,上砂
2891126,千葉県,八街市,沖
2891131,千葉県,八街市,希望ケ丘
2891132,千葉県,八街市,勢田
2891133,千葉県,八街市,吉倉
2891134,千葉県,八街市,大谷流
2891135,千葉県,八街市,小谷流
2891136,千葉県,八街市,根古谷
2891137,千葉県,八街市,岡田
2891138,千葉県,八街市,用草
2891141,千葉県,八街市,富山
2891142,千葉県,八街市,大関
2891143,千葉県,八街市,八街い
2891144,千葉県,八街市,八街ろ
2891145,千葉県,八街市,みどり台
2891192,千葉県,八街市,八街ほ３５−２９
2891201,千葉県,山武市,板川
2891202,千葉県,山武市,中津田
2891203,千葉県,山武市,麻生新田
2891204,千葉県,山武市,戸田
2891205,千葉県,山武市,椎崎
2891206,千葉県,山武市,日向台
2891211,千葉県,山武市,大木
2891212,千葉県,山武市,木原
2891213,千葉県,山武市,雨坪
2891214,千葉県,山武市,森
2891215,千葉県,山武市,矢部
2891216,千葉県,山武市,植草
2891217,千葉県,山武市,下布田
2891218,千葉県,山武市,武勝
2891221,千葉県,山武市,実門
2891222,千葉県,山武市,板中新田
2891223,千葉県,山武市,埴谷
2891224,千葉県,山武市,美杉野
2891225,千葉県,山武市,沖渡
2891226,千葉県,山武市,横田
2891297,千葉県,山武市,横田５１６番地
2891298,千葉県,山武市,埴谷１８８４−１
2891300,千葉県,山武市,
2891301,千葉県,山武市,木戸
2891302,千葉県,山武市,小松
2891303,千葉県,山武市,松ヶ谷
2891304,千葉県,山武市,井之内
2891305,千葉県,山武市,本須賀
2891306,千葉県,山武市,白幡
2891311,千葉県,山武市,早船
2891312,千葉県,山武市,柴原
2891313,千葉県,山武市,上横地
2891314,千葉県,山武市,下横地
2891315,千葉県,山武市,草深
2891316,千葉県,山武市,五木田
2891317,千葉県,山武市,小泉
2891318,千葉県,山武市,寺崎
2891321,千葉県,山武市,富田
2891322,千葉県,山武市,富田幸谷
2891323,千葉県,山武市,富口
2891324,千葉県,山武市,殿台
2891325,千葉県,山武市,島
2891326,千葉県,山武市,成東
2891327,千葉県,山武市,姫島
2891328,千葉県,山武市,湯坂
2891331,千葉県,山武市,川崎
2891332,千葉県,山武市,親田
2891333,千葉県,山武市,市場
2891334,千葉県,山武市,和田
2891335,千葉県,山武市,板附
2891341,千葉県,山武市,野堀
2891342,千葉県,山武市,嶋戸
2891343,千葉県,山武市,真行寺
2891344,千葉県,山武市,新泉
2891345,千葉県,山武市,津辺
2891392,千葉県,山武市,殿台２９６
2891501,千葉県,山武市,松尾町山室
2891502,千葉県,山武市,松尾町引越
2891503,千葉県,山武市,松尾町谷津
2891504,千葉県,山武市,松尾町古和
2891505,千葉県,山武市,松尾町金尾
2891506,千葉県,山武市,松尾町上大蔵
2891507,千葉県,山武市,松尾町小川
2891511,千葉県,山武市,松尾町蕪木
2891512,千葉県,山武市,松尾町八田
2891513,千葉県,山武市,松尾町猿尾
2891514,千葉県,山武市,松尾町松尾
2891515,千葉県,山武市,松尾町富士見台
2891516,千葉県,山武市,松尾町田越
2891517,千葉県,山武市,松尾町下大蔵
2891521,千葉県,山武市,松尾町本柏
2891522,千葉県,山武市,松尾町高富
2891523,千葉県,山武市,松尾町五反田
2891524,千葉県,山武市,松尾町祝田
2891525,千葉県,山武市,松尾町本水深
2891526,千葉県,山武市,松尾町水深
2891527,千葉県,山武市,松尾町大堤
2891531,千葉県,山武市,松尾町木刀
2891532,千葉県,山武市,松尾町武野里
2891533,千葉県,山武市,松尾町広根
2891534,千葉県,山武市,松尾町下野
2891535,千葉県,山武市,松尾町折戸
2891536,千葉県,山武市,松尾町下之郷
2891537,千葉県,山武市,松尾町借毛本郷
2891592,千葉県,山武市,松尾町下大蔵４５３−１
2891593,千葉県,山武市,松尾町五反田３０１２
2891594,千葉県,山武市,松尾町大堤５４６
2891600,千葉県,山武郡芝山町,
2891601,千葉県,山武郡芝山町,香山新田
2891602,千葉県,山武郡芝山町,菱田
2891603,千葉県,山武郡芝山町,大里
2891604,千葉県,山武郡芝山町,飯櫃
2891605,千葉県,山武郡芝山町,大台
2891606,千葉県,山武郡芝山町,山田
2891607,千葉県,山武郡芝山町,朝倉
2891608,千葉県,山武郡芝山町,岩山
2891611,千葉県,山武郡芝山町,小原子
2891612,千葉県,山武郡芝山町,上吹入
2891613,千葉県,山武郡芝山町,下吹入
2891614,千葉県,山武郡芝山町,宮崎
2891615,千葉県,山武郡芝山町,境
2891616,千葉県,山武郡芝山町,高谷
2891617,千葉県,山武郡芝山町,殿部田
2891618,千葉県,山武郡芝山町,山中
2891619,千葉県,山武郡芝山町,芝山
2891621,千葉県,山武郡芝山町,牧野
2891622,千葉県,山武郡芝山町,宝馬
2891623,千葉県,山武郡芝山町,高田
2891624,千葉県,山武郡芝山町,小池
2891625,千葉県,山武郡芝山町,新井田
2891626,千葉県,山武郡芝山町,新井田新田
2891692,千葉県,山武郡芝山町,小池９９２
2891693,千葉県,山武郡芝山町,小池２７００−１
2891700,千葉県,山武郡横芝光町,
2891701,千葉県,山武郡横芝光町,篠本
2891702,千葉県,山武郡横芝光町,二又
2891703,千葉県,山武郡横芝光町,傍示戸
2891704,千葉県,山武郡横芝光町,富下
2891705,千葉県,山武郡横芝光町,宝米
2891706,千葉県,山武郡横芝光町,市野原
2891707,千葉県,山武郡横芝光町,新井
2891708,千葉県,山武郡横芝光町,篠本根切
2891711,千葉県,山武郡横芝光町,小川台
2891712,千葉県,山武郡横芝光町,台
2891713,千葉県,山武郡横芝光町,小田部
2891714,千葉県,山武郡横芝光町,母子
2891715,千葉県,山武郡横芝光町,芝崎
2891716,千葉県,山武郡横芝光町,芝崎南
2891717,千葉県,山武郡横芝光町,虫生
2891721,千葉県,山武郡横芝光町,谷中
2891722,千葉県,山武郡横芝光町,目篠
2891723,千葉県,山武郡横芝光町,上原
2891724,千葉県,山武郡横芝光町,原方
2891725,千葉県,山武郡横芝光町,尾垂
2891726,千葉県,山武郡横芝光町,木戸
2891727,千葉県,山武郡横芝光町,宮川
2891731,千葉県,山武郡横芝光町,古川
2891732,千葉県,山武郡横芝光町,横芝
2891733,千葉県,山武郡横芝光町,栗山
2891734,千葉県,山武郡横芝光町,北清水
2891735,千葉県,山武郡横芝光町,屋形
2891736,千葉県,山武郡横芝光町,新島
2891737,千葉県,山武郡横芝光町,鳥喰下
2891738,千葉県,山武郡横芝光町,鳥喰上
2891739,千葉県,山武郡横芝光町,鳥喰新田
2891741,千葉県,山武郡横芝光町,中台
2891742,千葉県,山武郡横芝光町,牛熊
2891743,千葉県,山武郡横芝光町,谷台
2891744,千葉県,山武郡横芝光町,木戸台
2891745,千葉県,山武郡横芝光町,小堤
2891746,千葉県,山武郡横芝光町,寺方
2891747,千葉県,山武郡横芝光町,曽根合
2891748,千葉県,山武郡横芝光町,於幾
2891749,千葉県,山武郡横芝光町,両国新田
2891751,千葉県,山武郡横芝光町,長山台
2891752,千葉県,山武郡横芝光町,姥山
2891753,千葉県,山武郡横芝光町,取立
2891754,千葉県,山武郡横芝光町,坂田
2891755,千葉県,山武郡横芝光町,坂田池
2891756,千葉県,山武郡横芝光町,長倉
2891757,千葉県,山武郡横芝光町,遠山
2891792,千葉県,山武郡横芝光町,横芝６３６
2891793,千葉県,山武郡横芝光町,宮川１１９０２
2891801,千葉県,山武市,蓮沼イ
2891802,千葉県,山武市,蓮沼ロ
2891803,千葉県,山武市,蓮沼ホ
2891804,千葉県,山武市,蓮沼平
2891805,千葉県,山武市,蓮沼ニ
2891806,千葉県,山武市,蓮沼ハ
2891892,千葉県,山武市,蓮沼ハ２３３番地
2892100,千葉県,匝瑳市,
2892101,千葉県,匝瑳市,春海
2892102,千葉県,匝瑳市,椿
2892103,千葉県,匝瑳市,宮本
2892104,千葉県,匝瑳市,生尾
2892105,千葉県,匝瑳市,山桑
2892106,千葉県,匝瑳市,飯塚
2892107,千葉県,匝瑳市,米持
2892108,千葉県,匝瑳市,大寺
2892111,千葉県,匝瑳市,川向
2892112,千葉県,匝瑳市,荻野
2892113,千葉県,匝瑳市,平木
2892114,千葉県,匝瑳市,上谷中
2892115,千葉県,匝瑳市,東谷
2892121,千葉県,匝瑳市,東小笹
2892122,千葉県,匝瑳市,吉崎
2892123,千葉県,匝瑳市,長谷
2892124,千葉県,匝瑳市,登戸
2892125,千葉県,匝瑳市,西小笹
2892131,千葉県,匝瑳市,みどり平
2892132,千葉県,匝瑳市,高
2892133,千葉県,匝瑳市,蕪里
2892134,千葉県,匝瑳市,横須賀
2892135,千葉県,匝瑳市,高野
2892136,千葉県,匝瑳市,時曽根
2892141,千葉県,匝瑳市,八日市場ハ
2892142,千葉県,匝瑳市,八日市場ニ
2892143,千葉県,匝瑳市,八日市場ロ
2892144,千葉県,匝瑳市,八日市場イ
2892145,千葉県,匝瑳市,若潮町
2892146,千葉県,匝瑳市,八日市場ホ
2892147,千葉県,匝瑳市,飯倉
2892148,千葉県,匝瑳市,飯倉台
2892149,千葉県,匝瑳市,貝塚
2892151,千葉県,匝瑳市,大浦
2892152,千葉県,匝瑳市,松山
2892153,千葉県,匝瑳市,中台
2892154,千葉県,匝瑳市,富岡
2892155,千葉県,匝瑳市,八辺
2892156,千葉県,匝瑳市,長岡
2892157,千葉県,匝瑳市,堀之内
2892161,千葉県,匝瑳市,入山崎
2892162,千葉県,匝瑳市,南山崎
2892163,千葉県,匝瑳市,南神崎
2892164,千葉県,匝瑳市,木積
2892165,千葉県,匝瑳市,田久保
2892166,千葉県,匝瑳市,新
2892167,千葉県,匝瑳市,亀崎
2892168,千葉県,匝瑳市,久方
2892169,千葉県,匝瑳市,吉田
2892171,千葉県,匝瑳市,内山
2892172,千葉県,匝瑳市,城下
2892173,千葉県,匝瑳市,飯高
2892174,千葉県,匝瑳市,公崎
2892175,千葉県,匝瑳市,片子
2892176,千葉県,匝瑳市,大堀
2892177,千葉県,匝瑳市,金原
2892178,千葉県,匝瑳市,安久山
2892179,千葉県,匝瑳市,小高
2892192,千葉県,匝瑳市,今泉６４７４
2892197,千葉県,匝瑳市,八日市場イ２６１４
2892198,千葉県,匝瑳市,八日市場ハ７９３番地２
2892200,千葉県,香取郡多古町,
2892231,千葉県,香取郡多古町,飯笹
2892232,千葉県,香取郡多古町,喜多
2892233,千葉県,香取郡多古町,林
2892234,千葉県,香取郡多古町,五反田
2892235,千葉県,香取郡多古町,間倉
2892236,千葉県,香取郡多古町,一鍬田
2892241,千葉県,香取郡多古町,多古
2892242,千葉県,香取郡多古町,染井
2892243,千葉県,香取郡多古町,島
2892244,千葉県,香取郡多古町,船越
2892245,千葉県,香取郡多古町,牛尾
2892246,千葉県,香取郡多古町,千田
2892247,千葉県,香取郡多古町,水戸
2892251,千葉県,香取郡多古町,北中
2892252,千葉県,香取郡多古町,南和田
2892253,千葉県,香取郡多古町,南借当
2892254,千葉県,香取郡多古町,東輝
2892255,千葉県,香取郡多古町,南並木
2892256,千葉県,香取郡多古町,中村新田
2892257,千葉県,香取郡多古町,南中
2892292,千葉県,香取郡多古町,多古５８４
2892301,千葉県,香取郡多古町,出沼
2892302,千葉県,香取郡多古町,桧木
2892303,千葉県,香取郡多古町,大門
2892304,千葉県,香取郡多古町,高津原
2892305,千葉県,香取郡多古町,大高
2892306,千葉県,香取郡多古町,十余三
2892311,千葉県,香取郡多古町,本三倉
2892312,千葉県,香取郡多古町,谷三倉
2892313,千葉県,香取郡多古町,次浦
2892314,千葉県,香取郡多古町,西古内
2892315,千葉県,香取郡多古町,御所台
2892316,千葉県,香取郡多古町,寺作
2892317,千葉県,香取郡多古町,井戸山
2892321,千葉県,香取郡多古町,東松崎
2892322,千葉県,香取郡多古町,坂
2892323,千葉県,香取郡多古町,方田
2892324,千葉県,香取郡多古町,川島
2892325,千葉県,香取郡多古町,南玉造
2892500,千葉県,旭市,
2892501,千葉県,旭市,新町
2892502,千葉県,旭市,琴田
2892503,千葉県,旭市,江ケ崎
2892504,千葉県,旭市,ニ
2892505,千葉県,旭市,鎌数
2892511,千葉県,旭市,イ
2892512,千葉県,旭市,東足洗
2892513,千葉県,旭市,野中
2892514,千葉県,旭市,椎名内
2892515,千葉県,旭市,西足洗
2892516,千葉県,旭市,ロ
2892521,千葉県,旭市,ハ
2892522,千葉県,旭市,足川
2892523,千葉県,旭市,中谷里
2892524,千葉県,旭市,神宮寺
2892525,千葉県,旭市,仁玉
2892531,千葉県,旭市,井戸野
2892532,千葉県,旭市,駒込
2892533,千葉県,旭市,大塚原
2892534,千葉県,旭市,泉川
2892535,千葉県,旭市,川口
2892595,千葉県,旭市,ニ１９２０
2892601,千葉県,旭市,松ケ谷
2892602,千葉県,旭市,岩井
2892603,千葉県,旭市,大間手
2892604,千葉県,旭市,高生
2892605,千葉県,旭市,琴田
2892606,千葉県,旭市,清滝
2892607,千葉県,旭市,幾世
2892611,千葉県,旭市,倉橋
2892612,千葉県,旭市,蛇園
2892613,千葉県,旭市,後草
2892614,千葉県,旭市,江ケ崎
2892615,千葉県,旭市,長尾
2892616,千葉県,旭市,見広
2892701,千葉県,旭市,狢野
2892702,千葉県,旭市,塙
2892703,千葉県,旭市,八木
2892704,千葉県,旭市,上永井
2892705,千葉県,旭市,飯岡
2892706,千葉県,旭市,下永井
2892707,千葉県,旭市,行内
2892708,千葉県,旭市,平松
2892711,千葉県,旭市,岩崎
2892712,千葉県,旭市,横根
2892713,千葉県,旭市,萩園
2892714,千葉県,旭市,三川
2892715,千葉県,旭市,権田沼新田
2893181,千葉県,匝瑳市,野手
2893182,千葉県,匝瑳市,今泉
2893183,千葉県,匝瑳市,新堀
2893184,千葉県,匝瑳市,栢田
2893185,千葉県,匝瑳市,堀川
2893186,千葉県,匝瑳市,川辺
2900000,千葉県,市原市,
2900001,千葉県,市原市,草刈
2900002,千葉県,市原市,大厩
2900003,千葉県,市原市,辰巳台東
2900004,千葉県,市原市,辰巳台西
2900005,千葉県,市原市,山木
2900006,千葉県,市原市,若宮
2900007,千葉県,市原市,菊間
2900008,千葉県,市原市,古市場
2900011,千葉県,市原市,能満
2900012,千葉県,市原市,藤井
2900013,千葉県,市原市,郡本
2900014,千葉県,市原市,西野谷
2900015,千葉県,市原市,市原
2900016,千葉県,市原市,門前
2900021,千葉県,市原市,山田橋
2900022,千葉県,市原市,西広
2900023,千葉県,市原市,惣社
2900024,千葉県,市原市,根田
2900025,千葉県,市原市,加茂
2900026,千葉県,市原市,諏訪
2900031,千葉県,市原市,村上
2900032,千葉県,市原市,廿五里
2900033,千葉県,市原市,野毛
2900034,千葉県,市原市,島野
2900035,千葉県,市原市,松ケ島
2900036,千葉県,市原市,松ケ島西
2900037,千葉県,市原市,飯沼
2900038,千葉県,市原市,五井西
2900041,千葉県,市原市,玉前
2900042,千葉県,市原市,出津
2900043,千葉県,市原市,出津西
2900044,千葉県,市原市,玉前西
2900045,千葉県,市原市,五井南海岸
2900046,千葉県,市原市,岩崎西
2900047,千葉県,市原市,岩崎
2900050,千葉県,市原市,更級
2900051,千葉県,市原市,君塚
2900052,千葉県,市原市,岩野見
2900053,千葉県,市原市,平田
2900054,千葉県,市原市,五井中央東
2900055,千葉県,市原市,五井東
2900056,千葉県,市原市,五井
2900057,千葉県,市原市,五井金杉
2900058,千葉県,市原市,五井海岸
2900059,千葉県,市原市,白金町
2900061,千葉県,市原市,八幡石塚
2900062,千葉県,市原市,八幡
2900063,千葉県,市原市,旭五所
2900064,千葉県,市原市,東五所
2900065,千葉県,市原市,西五所
2900066,千葉県,市原市,五所
2900067,千葉県,市原市,八幡海岸通
2900068,千葉県,市原市,八幡浦
2900069,千葉県,市原市,八幡北町
2900071,千葉県,市原市,北国分寺台
2900072,千葉県,市原市,西国分寺台
2900073,千葉県,市原市,国分寺台中央
2900074,千葉県,市原市,東国分寺台
2900075,千葉県,市原市,南国分寺台
2900081,千葉県,市原市,五井中央西
2900141,千葉県,市原市,ちはら台東
2900142,千葉県,市原市,ちはら台南
2900143,千葉県,市原市,ちはら台西
2900151,千葉県,市原市,瀬又
2900152,千葉県,市原市,高田
2900153,千葉県,市原市,中野
2900154,千葉県,市原市,下野
2900155,千葉県,市原市,番場
2900156,千葉県,市原市,草刈
2900157,千葉県,市原市,押沼
2900161,千葉県,市原市,高倉
2900162,千葉県,市原市,金剛地
2900163,千葉県,市原市,東国吉
2900164,千葉県,市原市,奈良
2900165,千葉県,市原市,古都辺
2900166,千葉県,市原市,犬成
2900167,千葉県,市原市,喜多
2900168,千葉県,市原市,永吉
2900170,千葉県,市原市,うるいど南
2900171,千葉県,市原市,潤井戸
2900172,千葉県,市原市,大作
2900173,千葉県,市原市,滝口
2900174,千葉県,市原市,勝間
2900175,千葉県,市原市,葉木
2900176,千葉県,市原市,小田部
2900177,千葉県,市原市,荻作
2900178,千葉県,市原市,神崎
2900179,千葉県,市原市,久々津
2900192,千葉県,市原市,ちはら台西６丁目１９
2900193,千葉県,市原市,潤井戸２２８９−２３
2900194,千葉県,市原市,ちはら台西３丁目４
2900201,千葉県,市原市,山倉
2900202,千葉県,市原市,福増
2900203,千葉県,市原市,武士
2900204,千葉県,市原市,磯ケ谷
2900205,千葉県,市原市,山田
2900206,千葉県,市原市,新堀
2900207,千葉県,市原市,海士有木
2900208,千葉県,市原市,大坪
2900209,千葉県,市原市,権現堂
2900211,千葉県,市原市,大桶
2900212,千葉県,市原市,新巻
2900213,千葉県,市原市,川在
2900214,千葉県,市原市,櫃挾
2900215,千葉県,市原市,土宇
2900216,千葉県,市原市,二日市場
2900217,千葉県,市原市,松崎
2900221,千葉県,市原市,馬立
2900222,千葉県,市原市,上原
2900223,千葉県,市原市,妙香
2900224,千葉県,市原市,奉免
2900225,千葉県,市原市,牛久
2900226,千葉県,市原市,中
2900227,千葉県,市原市,藪
2900228,千葉県,市原市,岩
2900229,千葉県,市原市,佐是
2900231,千葉県,市原市,西国吉
2900232,千葉県,市原市,皆吉
2900233,千葉県,市原市,金沢
2900234,千葉県,市原市,大蔵
2900235,千葉県,市原市,栢橋
2900236,千葉県,市原市,寺谷
2900241,千葉県,市原市,風戸
2900242,千葉県,市原市,中高根
2900243,千葉県,市原市,上高根
2900244,千葉県,市原市,南岩崎
2900251,千葉県,市原市,浅井小向
2900252,千葉県,市原市,相川
2900253,千葉県,市原市,安須
2900254,千葉県,市原市,高坂
2900255,千葉県,市原市,光風台
2900256,千葉県,市原市,引田
2900257,千葉県,市原市,新生
2900258,千葉県,市原市,神代
2900259,千葉県,市原市,分目
2900261,千葉県,市原市,西野
2900262,千葉県,市原市,糸久
2900263,千葉県,市原市,十五沢
2900264,千葉県,市原市,宮原
2900265,千葉県,市原市,今富
2900266,千葉県,市原市,海保
2900267,千葉県,市原市,町田
2900268,千葉県,市原市,柳原
2900269,千葉県,市原市,小折
2900501,千葉県,市原市,米沢
2900502,千葉県,市原市,真ケ谷
2900503,千葉県,市原市,宿
2900504,千葉県,市原市,堀越
2900505,千葉県,市原市,市場
2900506,千葉県,市原市,島田
2900507,千葉県,市原市,原田
2900508,千葉県,市原市,江子田
2900509,千葉県,市原市,安久谷
2900511,千葉県,市原市,石川
2900512,千葉県,市原市,鶴舞
2900513,千葉県,市原市,奥野
2900514,千葉県,市原市,水沢
2900515,千葉県,市原市,田尾
2900516,千葉県,市原市,池和田
2900517,千葉県,市原市,矢田
2900518,千葉県,市原市,下矢田
2900521,千葉県,市原市,山小川
2900522,千葉県,市原市,新井
2900523,千葉県,市原市,吉沢
2900524,千葉県,市原市,平蔵
2900525,千葉県,市原市,米原
2900526,千葉県,市原市,小草畑
2900527,千葉県,市原市,月出
2900528,千葉県,市原市,古敷谷
2900529,千葉県,市原市,小谷田
2900531,千葉県,市原市,国本
2900532,千葉県,市原市,大久保
2900533,千葉県,市原市,折津
2900534,千葉県,市原市,石神
2900535,千葉県,市原市,朝生原
2900536,千葉県,市原市,戸面
2900537,千葉県,市原市,石塚
2900538,千葉県,市原市,柳川
2900539,千葉県,市原市,菅野
2900541,千葉県,市原市,平野
2900542,千葉県,市原市,大戸
2900543,千葉県,市原市,飯給
2900544,千葉県,市原市,徳氏
2900545,千葉県,市原市,田淵旧日竹
2900546,千葉県,市原市,田淵
2900547,千葉県,市原市,月崎
2900548,千葉県,市原市,柿木台
2900549,千葉県,市原市,万田野
2900551,千葉県,市原市,外部田
2900552,千葉県,市原市,久保
2900553,千葉県,市原市,大和田
2900554,千葉県,市原市,不入
2900555,千葉県,市原市,高滝
2900556,千葉県,市原市,本郷
2900557,千葉県,市原市,養老
2900558,千葉県,市原市,山口
2900559,千葉県,市原市,駒込
2908501,千葉県,市原市,国分寺台中央１丁目１−１
2908503,千葉県,市原市,五井南海岸３
2908510,千葉県,市原市,八幡海岸通３８
2908511,千葉県,市原市,八幡海岸通７
2908530,千葉県,市原市,五井南海岸１２−８
2908531,千葉県,市原市,八幡海岸通１番地
2908540,千葉県,市原市,南国分寺台４−１−１−２Ｆ
2908550,千葉県,市原市,五井南海岸８−１
2908551,千葉県,市原市,五井海岸５番地の１
2908555,千葉県,市原市,八幡海岸通６
2908558,千葉県,市原市,五井海岸２
2908560,千葉県,市原市,五井南海岸１１の１
2908566,千葉県,市原市,五井海岸１０
2908577,千葉県,市原市,五井中央西１丁目２−２
2908580,千葉県,市原市,八幡海岸通３番地
2908585,千葉県,市原市,八幡海岸通１２
2908588,千葉県,市原市,五井南海岸６
2908610,千葉県,市原市,八幡海岸通１３
2920000,千葉県,木更津市,
2920001,千葉県,木更津市,牛込
2920002,千葉県,木更津市,中野
2920003,千葉県,木更津市,万石
2920004,千葉県,木更津市,久津間
2920005,千葉県,木更津市,畔戸
2920006,千葉県,木更津市,北浜町
2920007,千葉県,木更津市,瓜倉
2920008,千葉県,木更津市,中島
2920009,千葉県,木更津市,金田東
2920011,千葉県,木更津市,牛袋野
2920012,千葉県,木更津市,牛袋
2920013,千葉県,木更津市,若葉町
2920014,千葉県,木更津市,高柳
2920015,千葉県,木更津市,本郷
2920016,千葉県,木更津市,高砂
2920021,千葉県,木更津市,有吉
2920022,千葉県,木更津市,上望陀
2920023,千葉県,木更津市,下望陀
2920024,千葉県,木更津市,大寺
2920025,千葉県,木更津市,十日市場
2920026,千葉県,木更津市,井尻
2920027,千葉県,木更津市,曽根
2920031,千葉県,木更津市,椿
2920032,千葉県,木更津市,笹子
2920033,千葉県,木更津市,犬成
2920034,千葉県,木更津市,伊豆島
2920035,千葉県,木更津市,中尾
2920036,千葉県,木更津市,菅生
2920037,千葉県,木更津市,日の出町
2920038,千葉県,木更津市,ほたる野
2920041,千葉県,木更津市,清見台東
2920042,千葉県,木更津市,清見台南
2920043,千葉県,木更津市,東太田
2920044,千葉県,木更津市,太田
2920045,千葉県,木更津市,清見台
2920051,千葉県,木更津市,清川
2920052,千葉県,木更津市,祇園
2920053,千葉県,木更津市,永井作
2920054,千葉県,木更津市,長須賀
2920055,千葉県,木更津市,朝日
2920056,千葉県,木更津市,木更津
2920057,千葉県,木更津市,東中央
2920061,千葉県,木更津市,岩根
2920062,千葉県,木更津市,西岩根
2920063,千葉県,木更津市,江川
2920064,千葉県,木更津市,中里
2920065,千葉県,木更津市,吾妻
2920066,千葉県,木更津市,新宿
2920067,千葉県,木更津市,中央
2920071,千葉県,木更津市,中島地先海ほたる
2920201,千葉県,木更津市,真里谷
2920202,千葉県,木更津市,茅野七曲
2920203,千葉県,木更津市,山本七曲
2920204,千葉県,木更津市,茅野
2920205,千葉県,木更津市,下郡
2920206,千葉県,木更津市,佐野
2920207,千葉県,木更津市,田川
2920211,千葉県,木更津市,大稲
2920212,千葉県,木更津市,真里
2920213,千葉県,木更津市,下内橋
2920214,千葉県,木更津市,戸国
2920215,千葉県,木更津市,上根岸
2920216,千葉県,木更津市,根岸
2920217,千葉県,木更津市,下宮田
2920401,千葉県,君津市,山本
2920402,千葉県,君津市,西原
2920403,千葉県,君津市,三田
2920404,千葉県,君津市,賀恵渕
2920411,千葉県,君津市,長谷川
2920412,千葉県,君津市,小櫃台
2920413,千葉県,君津市,吉野
2920414,千葉県,君津市,久留里大谷
2920415,千葉県,君津市,川谷
2920416,千葉県,君津市,小市部
2920421,千葉県,君津市,久留里市場
2920422,千葉県,君津市,久留里
2920423,千葉県,君津市,久留里大和田
2920431,千葉県,君津市,怒田
2920432,千葉県,君津市,浦田
2920433,千葉県,君津市,芋窪
2920434,千葉県,君津市,向郷
2920435,千葉県,君津市,栗坪
2920441,千葉県,君津市,戸崎
2920442,千葉県,君津市,岩出
2920443,千葉県,君津市,寺沢
2920444,千葉県,君津市,富田
2920445,千葉県,君津市,愛宕
2920451,千葉県,君津市,末吉
2920452,千葉県,君津市,上新田
2920453,千葉県,君津市,箕輪
2920454,千葉県,君津市,青柳
2920455,千葉県,君津市,俵田
2920501,千葉県,君津市,山滝野
2920502,千葉県,君津市,平山
2920503,千葉県,君津市,広岡
2920511,千葉県,君津市,大坂
2920512,千葉県,君津市,大戸見
2920513,千葉県,君津市,加名盛
2920514,千葉県,君津市,大戸見旧名殿
2920515,千葉県,君津市,柳城
2920516,千葉県,君津市,高水
2920521,千葉県,君津市,利根
2920522,千葉県,君津市,大中
2920523,千葉県,君津市,豊田
2920524,千葉県,君津市,川俣
2920525,千葉県,君津市,草川原
2920526,千葉県,君津市,笹
2920527,千葉県,君津市,香木原
2920531,千葉県,君津市,藤林
2920532,千葉県,君津市,坂畑
2920533,千葉県,君津市,折木沢
2920534,千葉県,君津市,滝原
2920535,千葉県,君津市,釜生
2920536,千葉県,君津市,蔵玉
2920537,千葉県,君津市,黄和田畑
2920801,千葉県,木更津市,請西
2920802,千葉県,木更津市,真舟
2920803,千葉県,木更津市,幸町
2920804,千葉県,木更津市,文京
2920805,千葉県,木更津市,大和
2920806,千葉県,木更津市,請西東
2920807,千葉県,木更津市,請西南
2920808,千葉県,木更津市,千束台
2920811,千葉県,木更津市,草敷
2920812,千葉県,木更津市,矢那
2920813,千葉県,木更津市,上烏田
2920814,千葉県,木更津市,八幡台
2920815,千葉県,木更津市,大久保
2920816,千葉県,木更津市,下烏田
2920817,千葉県,木更津市,中烏田
2920818,千葉県,木更津市,かずさ鎌足
2920819,千葉県,木更津市,羽鳥野
2920821,千葉県,木更津市,桜町
2920822,千葉県,木更津市,桜井
2920823,千葉県,木更津市,桜井新町
2920824,千葉県,木更津市,小浜
2920825,千葉県,木更津市,畑沢
2920826,千葉県,木更津市,畑沢南
2920827,千葉県,木更津市,港南台
2920831,千葉県,木更津市,富士見
2920832,千葉県,木更津市,新田
2920833,千葉県,木更津市,貝渕
2920834,千葉県,木更津市,潮見
2920835,千葉県,木更津市,築地
2920836,千葉県,木更津市,新港
2920837,千葉県,木更津市,木材港
2920838,千葉県,木更津市,潮浜
2920839,千葉県,木更津市,中の島
2921140,千葉県,君津市,糠田飛地
2921141,千葉県,君津市,根本
2921142,千葉県,君津市,小糸大谷
2921143,千葉県,君津市,長石
2921144,千葉県,君津市,法木
2921145,千葉県,君津市,糸川
2921146,千葉県,君津市,大井戸
2921147,千葉県,君津市,塚原
2921148,千葉県,君津市,行馬
2921149,千葉県,君津市,かずさ小糸
2921151,千葉県,君津市,大野台
2921152,千葉県,君津市,日渡根
2921153,千葉県,君津市,市宿
2921154,千葉県,君津市,清和市場
2921155,千葉県,君津市,鹿野山
2921156,千葉県,君津市,荻作
2921157,千葉県,君津市,福岡
2921158,千葉県,君津市,鎌滝
2921161,千葉県,君津市,東猪原
2921162,千葉県,君津市,西猪原
2921163,千葉県,君津市,東粟倉
2921164,千葉県,君津市,東日笠
2921165,千葉県,君津市,西日笠
2921166,千葉県,君津市,植畑
2921167,千葉県,君津市,平田
2921168,千葉県,君津市,西粟倉
2921171,千葉県,君津市,二入
2921172,千葉県,君津市,辻森
2921173,千葉県,君津市,大岩
2921174,千葉県,君津市,正木
2921175,千葉県,君津市,奥米
2921176,千葉県,君津市,宿原
2921177,千葉県,君津市,怒田沢
2921178,千葉県,君津市,旅名
2921179,千葉県,君津市,豊英
2928501,千葉県,木更津市,潮見１丁目１
2928510,千葉県,木更津市,吾妻地先
2928511,千葉県,木更津市,東太田３丁目４−１
2928520,千葉県,木更津市,貝渕３丁目１３−３４
2928522,千葉県,木更津市,貝渕３丁目１３−４０
2928525,千葉県,木更津市,貝渕３−１３−３４
2928530,千葉県,木更津市,新田３−４−３１
2928533,千葉県,木更津市,潮見８丁目４
2928535,千葉県,木更津市,桜井１０１０
2928539,千葉県,木更津市,畑沢１丁目１２−１４
2928550,千葉県,木更津市,富士見２丁目７−１８
2928555,千葉県,木更津市,東太田３丁目４−５
2928565,千葉県,木更津市,矢那１０８３
2928568,千葉県,木更津市,真舟３丁目２９−１
2928611,千葉県,木更津市,大和２丁目３−１
2928686,千葉県,木更津市,江川無番地（木更津郵便局私書箱第８号）
2930000,千葉県,富津市,
2930001,千葉県,富津市,大堀
2930002,千葉県,富津市,二間塚
2930003,千葉県,富津市,本郷
2930004,千葉県,富津市,前久保
2930005,千葉県,富津市,上飯野
2930006,千葉県,富津市,下飯野
2930011,千葉県,富津市,新富
2930012,千葉県,富津市,青木
2930013,千葉県,富津市,西川
2930021,千葉県,富津市,富津
2930022,千葉県,富津市,新井
2930023,千葉県,富津市,川名
2930024,千葉県,富津市,篠部
2930031,千葉県,富津市,相野谷
2930032,千葉県,富津市,障子谷
2930033,千葉県,富津市,一色
2930034,千葉県,富津市,絹
2930035,千葉県,富津市,西大和田
2930036,千葉県,富津市,千種新田
2930041,千葉県,富津市,上
2930042,千葉県,富津市,小久保
2930043,千葉県,富津市,岩瀬
2930044,千葉県,富津市,中
2930045,千葉県,富津市,八田沼
2930046,千葉県,富津市,近藤
2930051,千葉県,富津市,亀沢
2930052,千葉県,富津市,宝竜寺
2930053,千葉県,富津市,花香谷
2930054,千葉県,富津市,鶴岡
2930055,千葉県,富津市,笹毛
2930056,千葉県,富津市,八幡
2930057,千葉県,富津市,亀田
2930058,千葉県,富津市,佐貫
2938506,千葉県,富津市,下飯野２４４３
2938511,千葉県,富津市,新富２０−１
2940000,千葉県,館山市,
2940001,千葉県,館山市,竹原
2940002,千葉県,館山市,大井
2940003,千葉県,館山市,水玉
2940004,千葉県,館山市,水岡
2940005,千葉県,館山市,安東
2940006,千葉県,館山市,薗
2940007,千葉県,館山市,腰越
2940008,千葉県,館山市,広瀬
2940009,千葉県,館山市,江田
2940011,千葉県,館山市,二子
2940012,千葉県,館山市,稲
2940013,千葉県,館山市,宝貝
2940014,千葉県,館山市,山本
2940015,千葉県,館山市,古茂口
2940016,千葉県,館山市,飯沼
2940017,千葉県,館山市,南条
2940018,千葉県,館山市,国分
2940021,千葉県,館山市,山荻
2940022,千葉県,館山市,畑
2940023,千葉県,館山市,神余
2940024,千葉県,館山市,岡田
2940025,千葉県,館山市,大戸
2940026,千葉県,館山市,出野尾
2940027,千葉県,館山市,西長田
2940028,千葉県,館山市,東長田
2940029,千葉県,館山市,作名
2940031,千葉県,館山市,大賀
2940032,千葉県,館山市,笠名
2940033,千葉県,館山市,宮城
2940034,千葉県,館山市,沼
2940035,千葉県,館山市,富士見
2940036,千葉県,館山市,館山
2940037,千葉県,館山市,長須賀
2940038,千葉県,館山市,上真倉
2940041,千葉県,館山市,高井
2940042,千葉県,館山市,上野原
2940043,千葉県,館山市,安布里
2940044,千葉県,館山市,大網
2940045,千葉県,館山市,北条
2940046,千葉県,館山市,新宿
2940047,千葉県,館山市,八幡
2940048,千葉県,館山市,下真倉
2940051,千葉県,館山市,正木
2940052,千葉県,館山市,亀ケ原
2940053,千葉県,館山市,北条正木
2940054,千葉県,館山市,湊
2940055,千葉県,館山市,那古
2940056,千葉県,館山市,船形
2940057,千葉県,館山市,川名
2940058,千葉県,館山市,小原
2940221,千葉県,館山市,布沼
2940222,千葉県,館山市,茂名
2940223,千葉県,館山市,洲宮
2940224,千葉県,館山市,藤原
2940225,千葉県,館山市,佐野
2940226,千葉県,館山市,犬石
2940231,千葉県,館山市,中里
2940232,千葉県,館山市,竜岡
2940233,千葉県,館山市,大神宮
2940234,千葉県,館山市,布良
2940235,千葉県,館山市,相浜
2940301,千葉県,館山市,香
2940302,千葉県,館山市,塩見
2940303,千葉県,館山市,浜田
2940304,千葉県,館山市,早物
2940305,千葉県,館山市,見物
2940306,千葉県,館山市,加賀名
2940307,千葉県,館山市,波左間
2940308,千葉県,館山市,坂田
2940311,千葉県,館山市,坂井
2940312,千葉県,館山市,小沼
2940313,千葉県,館山市,坂足
2940314,千葉県,館山市,伊戸
2940315,千葉県,館山市,西川名
2940316,千葉県,館山市,洲崎
2940801,千葉県,南房総市,増間
2940802,千葉県,南房総市,山名
2940803,千葉県,南房総市,御庄
2940804,千葉県,南房総市,海老敷
2940805,千葉県,南房総市,下滝田
2940806,千葉県,南房総市,上滝田
2940811,千葉県,南房総市,中
2940812,千葉県,南房総市,池之内
2940813,千葉県,南房総市,谷向
2940814,千葉県,南房総市,川田
2940815,千葉県,南房総市,千代
2940816,千葉県,南房総市,山下
2940817,千葉県,南房総市,大学口
2940821,千葉県,南房総市,明石
2940822,千葉県,南房総市,本織
2940823,千葉県,南房総市,府中
2940824,千葉県,南房総市,下堀
2940825,千葉県,南房総市,上堀
2940826,千葉県,南房総市,三坂
2948501,千葉県,館山市,宮城無番地
2948502,千葉県,館山市,山本１５８０番地
2948503,千葉県,館山市,北条１１６４
2948601,千葉県,館山市,北条１１４５−１
2948701,千葉県,南房総市,谷向１００番地
2948701,千葉県,南房総市,谷向１００番地
2950001,千葉県,南房総市,千倉町久保
2950002,千葉県,南房総市,千倉町川合
2950003,千葉県,南房総市,千倉町白子
2950004,千葉県,南房総市,千倉町瀬戸
2950005,千葉県,南房総市,千倉町牧田
2950006,千葉県,南房総市,千倉町宇田
2950011,千葉県,南房総市,千倉町北朝夷
2950012,千葉県,南房総市,千倉町南朝夷
2950013,千葉県,南房総市,千倉町大貫
2950014,千葉県,南房総市,千倉町川戸
2950021,千葉県,南房総市,千倉町平舘
2950022,千葉県,南房総市,千倉町忽戸
2950023,千葉県,南房総市,千倉町川口
2950024,千葉県,南房総市,千倉町平磯
2950025,千葉県,南房総市,千倉町千田
2950026,千葉県,南房総市,千倉町大川
2950027,千葉県,南房総市,千倉町白間津
2950101,千葉県,南房総市,白浜町乙浜
2950102,千葉県,南房総市,白浜町白浜
2950103,千葉県,南房総市,白浜町滝口
2950104,千葉県,南房総市,白浜町根本
2950192,千葉県,南房総市,白浜町白浜３４６７番地１
2958601,千葉県,南房総市,千倉町瀬戸２２９６番地６
2958601,千葉県,南房総市,千倉町瀬戸２２９６番地６
2960000,千葉県,鴨川市,
2960001,千葉県,鴨川市,横渚
2960002,千葉県,鴨川市,前原
2960003,千葉県,鴨川市,磯村
2960004,千葉県,鴨川市,貝渚
2960011,千葉県,鴨川市,大里
2960012,千葉県,鴨川市,来秀
2960013,千葉県,鴨川市,田原西
2960014,千葉県,鴨川市,太尾
2960015,千葉県,鴨川市,川代
2960016,千葉県,鴨川市,坂東
2960021,千葉県,鴨川市,竹平
2960022,千葉県,鴨川市,京田
2960023,千葉県,鴨川市,押切
2960024,千葉県,鴨川市,池田
2960025,千葉県,鴨川市,太田学
2960031,千葉県,鴨川市,粟斗
2960032,千葉県,鴨川市,花房
2960033,千葉県,鴨川市,八色
2960034,千葉県,鴨川市,滑谷
2960035,千葉県,鴨川市,打墨
2960041,千葉県,鴨川市,東町
2960042,千葉県,鴨川市,東元浜荻飛地
2960043,千葉県,鴨川市,西町
2960044,千葉県,鴨川市,広場
2960045,千葉県,鴨川市,和泉
2960101,千葉県,鴨川市,北小町
2960102,千葉県,鴨川市,下小原
2960103,千葉県,鴨川市,上小原
2960104,千葉県,鴨川市,南小町
2960105,千葉県,鴨川市,成川
2960106,千葉県,鴨川市,主基西
2960111,千葉県,鴨川市,仲
2960112,千葉県,鴨川市,宮山
2960113,千葉県,鴨川市,吉尾平塚
2960114,千葉県,鴨川市,細野
2960115,千葉県,鴨川市,松尾寺
2960121,千葉県,鴨川市,大川面
2960122,千葉県,鴨川市,寺門
2960123,千葉県,鴨川市,北風原
2960124,千葉県,鴨川市,大幡
2960125,千葉県,鴨川市,横尾
2960126,千葉県,鴨川市,吉尾西
2960197,千葉県,鴨川市,北風原９３８
2960231,千葉県,鴨川市,釜沼
2960232,千葉県,鴨川市,平塚
2960233,千葉県,鴨川市,金束
2960234,千葉県,鴨川市,古畑
2960235,千葉県,鴨川市,奈良林
2960236,千葉県,鴨川市,佐野
2960237,千葉県,鴨川市,大山平塚
2968601,千葉県,鴨川市,横渚１４５０（鴨川郵便局私書箱第７号）
2968602,千葉県,鴨川市,東町９２９
2970000,千葉県,茂原市,
2970001,千葉県,茂原市,七渡
2970002,千葉県,茂原市,千町
2970003,千葉県,茂原市,北高根飛地
2970004,千葉県,茂原市,小轡
2970005,千葉県,茂原市,本小轡
2970006,千葉県,茂原市,新小轡
2970007,千葉県,茂原市,腰当
2970008,千葉県,茂原市,渋谷
2970009,千葉県,茂原市,北塚
2970011,千葉県,茂原市,谷本
2970012,千葉県,茂原市,六ツ野
2970013,千葉県,茂原市,中之郷飛地
2970014,千葉県,茂原市,川島飛地
2970015,千葉県,茂原市,東部台
2970016,千葉県,茂原市,木崎
2970017,千葉県,茂原市,東郷
2970018,千葉県,茂原市,萩原町
2970019,千葉県,茂原市,上林
2970021,千葉県,茂原市,高師町
2970022,千葉県,茂原市,町保
2970023,千葉県,茂原市,千代田町
2970024,千葉県,茂原市,八千代
2970025,千葉県,茂原市,緑町
2970026,千葉県,茂原市,茂原
2970027,千葉県,茂原市,中部
2970028,千葉県,茂原市,道表
2970029,千葉県,茂原市,高師
2970031,千葉県,茂原市,早野新田
2970032,千葉県,茂原市,東茂原
2970033,千葉県,茂原市,大芝
2970034,千葉県,茂原市,中の島町
2970035,千葉県,茂原市,下永吉
2970036,千葉県,茂原市,上永吉
2970037,千葉県,茂原市,早野
2970038,千葉県,茂原市,長清水
2970039,千葉県,茂原市,茂原西
2970041,千葉県,茂原市,猿袋
2970042,千葉県,茂原市,三ケ谷
2970043,千葉県,茂原市,立木
2970044,千葉県,茂原市,台田
2970045,千葉県,茂原市,野牛
2970051,千葉県,茂原市,鷲巣
2970052,千葉県,茂原市,上茂原
2970053,千葉県,茂原市,墨田
2970054,千葉県,茂原市,八幡原
2970055,千葉県,茂原市,綱島
2970056,千葉県,茂原市,六田台
2970057,千葉県,茂原市,中善寺
2970058,千葉県,茂原市,石神
2970061,千葉県,茂原市,山崎
2970062,千葉県,茂原市,内長谷
2970063,千葉県,茂原市,長谷
2970064,千葉県,茂原市,箕輪
2970065,千葉県,茂原市,緑ケ丘
2970066,千葉県,茂原市,芦網
2970067,千葉県,茂原市,国府関
2970071,千葉県,茂原市,黒戸
2970072,千葉県,茂原市,大登
2970073,千葉県,茂原市,長尾
2970074,千葉県,茂原市,小林
2970075,千葉県,茂原市,押日
2970076,千葉県,茂原市,庄吉
2970077,千葉県,茂原市,真名
2970078,千葉県,茂原市,高師台
2970100,千葉県,長生郡長南町,
2970101,千葉県,長生郡長南町,岩川
2970102,千葉県,長生郡長南町,本台
2970103,千葉県,長生郡長南町,今泉
2970104,千葉県,長生郡長南町,又富
2970105,千葉県,長生郡長南町,棚毛
2970111,千葉県,長生郡長南町,須田
2970112,千葉県,長生郡長南町,米満
2970113,千葉県,長生郡長南町,関原
2970114,千葉県,長生郡長南町,千手堂
2970115,千葉県,長生郡長南町,千田
2970121,千葉県,長生郡長南町,長南
2970122,千葉県,長生郡長南町,坂本
2970123,千葉県,長生郡長南町,蔵持
2970124,千葉県,長生郡長南町,深沢
2970125,千葉県,長生郡長南町,笠森
2970131,千葉県,長生郡長南町,中原
2970132,千葉県,長生郡長南町,給田
2970133,千葉県,長生郡長南町,豊原
2970134,千葉県,長生郡長南町,芝原
2970135,千葉県,長生郡長南町,地引
2970136,千葉県,長生郡長南町,小生田
2970137,千葉県,長生郡長南町,上小野田
2970138,千葉県,長生郡長南町,下小野田
2970141,千葉県,長生郡長南町,報恩寺
2970142,千葉県,長生郡長南町,小沢
2970143,千葉県,長生郡長南町,美原台
2970144,千葉県,長生郡長南町,市野々
2970145,千葉県,長生郡長南町,佐坪
2970151,千葉県,長生郡長南町,茗荷沢
2970152,千葉県,長生郡長南町,水沼
2970153,千葉県,長生郡長南町,山内
2970154,千葉県,長生郡長南町,岩撫
2970155,千葉県,長生郡長南町,竹林
2970192,千葉県,長生郡長南町,長南２１１０
2970193,千葉県,長生郡長南町,又富８０４
2970194,千葉県,長生郡長南町,市野々５７５
2970195,千葉県,長生郡長南町,市野々６８５
2970196,千葉県,長生郡長南町,地引７４２
2970197,千葉県,長生郡長南町,竹林１０
2970198,千葉県,長生郡長南町,佐坪１７８２
2970200,千葉県,長生郡長柄町,
2970201,千葉県,長生郡長柄町,上野
2970202,千葉県,長生郡長柄町,味庄
2970203,千葉県,長生郡長柄町,国府里
2970204,千葉県,長生郡長柄町,力丸
2970205,千葉県,長生郡長柄町,千代丸
2970206,千葉県,長生郡長柄町,山根
2970207,千葉県,長生郡長柄町,船木
2970211,千葉県,長生郡長柄町,榎本
2970212,千葉県,長生郡長柄町,小榎本
2970213,千葉県,長生郡長柄町,徳増
2970214,千葉県,長生郡長柄町,長富
2970215,千葉県,長生郡長柄町,鴇谷
2970216,千葉県,長生郡長柄町,立鳥
2970217,千葉県,長生郡長柄町,針ケ谷
2970218,千葉県,長生郡長柄町,桜谷
2970221,千葉県,長生郡長柄町,高山
2970222,千葉県,長生郡長柄町,大庭
2970223,千葉県,長生郡長柄町,大津倉
2970224,千葉県,長生郡長柄町,田代
2970225,千葉県,長生郡長柄町,刑部
2970226,千葉県,長生郡長柄町,金谷
2970231,千葉県,長生郡長柄町,山之郷
2970232,千葉県,長生郡長柄町,中野台
2970233,千葉県,長生郡長柄町,六地蔵
2970234,千葉県,長生郡長柄町,長柄山
2970235,千葉県,長生郡長柄町,皿木
2970292,千葉県,長生郡長柄町,鴇谷１６３
2970298,千葉県,長生郡長柄町,桜谷７１２
2978501,千葉県,茂原市,高師台１丁目５番１号
2978511,千葉県,茂原市,道表１
2978533,千葉県,茂原市,茂原１１０２−１
2978555,千葉県,茂原市,茂原６４７
2978558,千葉県,茂原市,八千代３丁目１３−１
2978567,千葉県,茂原市,茂原６６１
2978588,千葉県,茂原市,大芝６２９
2978611,千葉県,茂原市,高師町１丁目１０−５（茂原郵便局私書箱第１２号）
2978622,千葉県,茂原市,早野３３００
2978666,千葉県,茂原市,東郷１９００番地
2980000,千葉県,いすみ市,
2980001,千葉県,いすみ市,若山
2980002,千葉県,いすみ市,日在
2980003,千葉県,いすみ市,深堀
2980004,千葉県,いすみ市,大原
2980005,千葉県,いすみ市,新田
2980006,千葉県,いすみ市,大原最上台
2980011,千葉県,いすみ市,岩船
2980012,千葉県,いすみ市,小沢
2980013,千葉県,いすみ市,小池
2980014,千葉県,いすみ市,大原台
2980015,千葉県,いすみ市,釈迦谷
2980016,千葉県,いすみ市,新田若山深堀入会地
2980017,千葉県,いすみ市,下布施
2980018,千葉県,いすみ市,上布施
2980021,千葉県,いすみ市,高谷
2980022,千葉県,いすみ市,佐室
2980023,千葉県,いすみ市,沢部
2980024,千葉県,いすみ市,長志
2980025,千葉県,いすみ市,山田
2980026,千葉県,いすみ市,新田野
2980027,千葉県,いすみ市,下原
2980028,千葉県,いすみ市,細尾
2980029,千葉県,いすみ市,大和田
2980101,千葉県,いすみ市,小又井
2980102,千葉県,いすみ市,小高
2980103,千葉県,いすみ市,神置
2980104,千葉県,いすみ市,松丸
2980105,千葉県,いすみ市,能実
2980106,千葉県,いすみ市,須賀谷
2980111,千葉県,いすみ市,万木
2980112,千葉県,いすみ市,国府台
2980113,千葉県,いすみ市,大野
2980114,千葉県,いすみ市,札森
2980115,千葉県,いすみ市,柿和田
2980116,千葉県,いすみ市,正立寺
2980117,千葉県,いすみ市,増田
2980121,千葉県,いすみ市,島
2980122,千葉県,いすみ市,楽町
2980123,千葉県,いすみ市,苅谷
2980124,千葉県,いすみ市,弥正
2980125,千葉県,いすみ市,深谷
2980126,千葉県,いすみ市,今関
2980131,千葉県,いすみ市,荻原
2980132,千葉県,いすみ市,八乙女
2980133,千葉県,いすみ市,引田
2980134,千葉県,いすみ市,行川
2980135,千葉県,いすみ市,作田
2980200,千葉県,夷隅郡大多喜町,
2980201,千葉県,夷隅郡大多喜町,小土呂
2980202,千葉県,夷隅郡大多喜町,下大多喜
2980203,千葉県,夷隅郡大多喜町,森宮
2980204,千葉県,夷隅郡大多喜町,船子
2980205,千葉県,夷隅郡大多喜町,上原西部田柳原入会
2980206,千葉県,夷隅郡大多喜町,横山
2980207,千葉県,夷隅郡大多喜町,泉水
2980211,千葉県,夷隅郡大多喜町,紺屋
2980212,千葉県,夷隅郡大多喜町,猿稲
2980213,千葉県,夷隅郡大多喜町,桜台
2980214,千葉県,夷隅郡大多喜町,新丁
2980215,千葉県,夷隅郡大多喜町,久保
2980216,千葉県,夷隅郡大多喜町,大多喜
2980217,千葉県,夷隅郡大多喜町,田丁
2980221,千葉県,夷隅郡大多喜町,柳原
2980222,千葉県,夷隅郡大多喜町,八声
2980223,千葉県,夷隅郡大多喜町,上原
2980224,千葉県,夷隅郡大多喜町,堀之内
2980225,千葉県,夷隅郡大多喜町,大戸
2980226,千葉県,夷隅郡大多喜町,部田
2980227,千葉県,夷隅郡大多喜町,西部田
2980228,千葉県,夷隅郡大多喜町,小谷松
2980231,千葉県,夷隅郡大多喜町,馬場内
2980232,千葉県,夷隅郡大多喜町,小内
2980233,千葉県,夷隅郡大多喜町,笛倉
2980234,千葉県,夷隅郡大多喜町,押沼
2980235,千葉県,夷隅郡大多喜町,宇筒原
2980236,千葉県,夷隅郡大多喜町,百鉾
2980237,千葉県,夷隅郡大多喜町,原内
2980238,千葉県,夷隅郡大多喜町,小内笛倉入会
2980241,千葉県,夷隅郡大多喜町,紙敷
2980242,千葉県,夷隅郡大多喜町,小苗
2980243,千葉県,夷隅郡大多喜町,湯倉
2980244,千葉県,夷隅郡大多喜町,松尾
2980245,千葉県,夷隅郡大多喜町,弥喜用
2980246,千葉県,夷隅郡大多喜町,庄司
2980251,千葉県,夷隅郡大多喜町,久我原
2980252,千葉県,夷隅郡大多喜町,三又
2980253,千葉県,夷隅郡大多喜町,川畑
2980254,千葉県,夷隅郡大多喜町,平沢
2980255,千葉県,夷隅郡大多喜町,黒原
2980256,千葉県,夷隅郡大多喜町,石神
2980261,千葉県,夷隅郡大多喜町,板谷
2980262,千葉県,夷隅郡大多喜町,堀切
2980263,千葉県,夷隅郡大多喜町,伊保田
2980264,千葉県,夷隅郡大多喜町,大田代
2980265,千葉県,夷隅郡大多喜町,小田代
2980266,千葉県,夷隅郡大多喜町,筒森
2980267,千葉県,夷隅郡大多喜町,葛藤
2980271,千葉県,夷隅郡大多喜町,中野
2980272,千葉県,夷隅郡大多喜町,市川
2980273,千葉県,夷隅郡大多喜町,三条
2980274,千葉県,夷隅郡大多喜町,田代
2980275,千葉県,夷隅郡大多喜町,弓木
2980276,千葉県,夷隅郡大多喜町,会所
2980277,千葉県,夷隅郡大多喜町,粟又
2980278,千葉県,夷隅郡大多喜町,小沢又
2980279,千葉県,夷隅郡大多喜町,面白
2980292,千葉県,夷隅郡大多喜町,大多喜９３
2980295,千葉県,夷隅郡大多喜町,森宮１３８
2980296,千葉県,夷隅郡大多喜町,小土呂２５５
2980297,千葉県,夷隅郡大多喜町,久我原１５００
2988501,千葉県,いすみ市,大原７４００−１
2990101,千葉県,市原市,青柳北
2990102,千葉県,市原市,青柳
2990103,千葉県,市原市,青柳海岸
2990104,千葉県,市原市,白塚
2990105,千葉県,市原市,柏原
2990106,千葉県,市原市,今津朝山
2990107,千葉県,市原市,姉崎海岸
2990108,千葉県,市原市,千種海岸
2990109,千葉県,市原市,千種
2990110,千葉県,市原市,姉崎東
2990111,千葉県,市原市,姉崎
2990112,千葉県,市原市,畑木
2990113,千葉県,市原市,片又木
2990114,千葉県,市原市,泉台
2990115,千葉県,市原市,不入斗
2990116,千葉県,市原市,迎田
2990117,千葉県,市原市,青葉台
2990118,千葉県,市原市,椎津
2990119,千葉県,市原市,姉崎西
2990121,千葉県,市原市,立野
2990122,千葉県,市原市,豊成
2990123,千葉県,市原市,深城
2990124,千葉県,市原市,有秋台東
2990125,千葉県,市原市,有秋台西
2990126,千葉県,市原市,天羽田
2990127,千葉県,市原市,桜台
2990128,千葉県,市原市,椎の木台
2990192,千葉県,市原市,姉崎海岸２番地１
2990194,千葉県,市原市,姉崎海岸２−１
2990195,千葉県,市原市,姉崎海岸５−１
2990198,千葉県,市原市,姉崎海岸１−３
2990200,千葉県,袖ケ浦市,
2990201,千葉県,袖ケ浦市,川原井
2990202,千葉県,袖ケ浦市,林
2990203,千葉県,袖ケ浦市,高谷
2990204,千葉県,袖ケ浦市,永吉
2990205,千葉県,袖ケ浦市,上泉
2990211,千葉県,袖ケ浦市,野里
2990212,千葉県,袖ケ浦市,三箇
2990213,千葉県,袖ケ浦市,百目木
2990214,千葉県,袖ケ浦市,下根岸
2990215,千葉県,袖ケ浦市,堂谷
2990216,千葉県,袖ケ浦市,阿部
2990217,千葉県,袖ケ浦市,打越
2990221,千葉県,袖ケ浦市,大竹
2990222,千葉県,袖ケ浦市,上宮田
2990223,千葉県,袖ケ浦市,下宮田
2990224,千葉県,袖ケ浦市,吉野田
2990225,千葉県,袖ケ浦市,玉野
2990226,千葉県,袖ケ浦市,滝の口
2990231,千葉県,袖ケ浦市,下泉
2990232,千葉県,袖ケ浦市,永地
2990233,千葉県,袖ケ浦市,岩井
2990234,千葉県,袖ケ浦市,谷中
2990235,千葉県,袖ケ浦市,三黒
2990236,千葉県,袖ケ浦市,横田
2990237,千葉県,袖ケ浦市,大鳥居
2990241,千葉県,袖ケ浦市,代宿
2990242,千葉県,袖ケ浦市,久保田
2990243,千葉県,袖ケ浦市,蔵波
2990244,千葉県,袖ケ浦市,野田
2990245,千葉県,袖ケ浦市,蔵波台
2990246,千葉県,袖ケ浦市,長浦駅前
2990247,千葉県,袖ケ浦市,椎の森
2990251,千葉県,袖ケ浦市,のぞみ野
2990252,千葉県,袖ケ浦市,勝
2990253,千葉県,袖ケ浦市,大曽根
2990254,千葉県,袖ケ浦市,三ツ作
2990255,千葉県,袖ケ浦市,下新田
2990256,千葉県,袖ケ浦市,飯富
2990257,千葉県,袖ケ浦市,神納
2990261,千葉県,袖ケ浦市,福王台
2990262,千葉県,袖ケ浦市,坂戸市場
2990263,千葉県,袖ケ浦市,奈良輪
2990264,千葉県,袖ケ浦市,今井
2990265,千葉県,袖ケ浦市,長浦
2990266,千葉県,袖ケ浦市,北袖
2990267,千葉県,袖ケ浦市,中袖
2990268,千葉県,袖ケ浦市,南袖
2990269,千葉県,袖ケ浦市,袖ケ浦駅前
2990271,千葉県,木更津市,坂戸市場
2990292,千葉県,袖ケ浦市,坂戸市場１−１
2990293,千葉県,袖ケ浦市,上泉１２８０
2990295,千葉県,袖ケ浦市,北袖９−１
2990296,千葉県,袖ケ浦市,中袖２０−１
2990297,千葉県,袖ケ浦市,中袖５−１
2990298,千葉県,袖ケ浦市,蔵波３１０８−１
2991100,千葉県,君津市,
2991101,千葉県,君津市,大鷲新田
2991102,千葉県,君津市,大鷲
2991103,千葉県,君津市,大井
2991104,千葉県,君津市,糠田
2991105,千葉県,君津市,白駒
2991106,千葉県,君津市,中島
2991107,千葉県,君津市,上
2991108,千葉県,君津市,練木
2991111,千葉県,君津市,六手
2991112,千葉県,君津市,泉
2991113,千葉県,君津市,尾車
2991114,千葉県,君津市,草牛
2991115,千葉県,君津市,馬登
2991116,千葉県,君津市,皿引
2991117,千葉県,君津市,宮下
2991121,千葉県,君津市,常代
2991122,千葉県,君津市,浜子
2991123,千葉県,君津市,大山野
2991124,千葉県,君津市,作木
2991125,千葉県,君津市,山高原
2991126,千葉県,君津市,小山野
2991127,千葉県,君津市,郡
2991131,千葉県,君津市,下湯江
2991132,千葉県,君津市,中富
2991133,千葉県,君津市,貞元
2991134,千葉県,君津市,八幡
2991135,千葉県,君津市,杉谷
2991136,千葉県,君津市,新御堂
2991137,千葉県,君津市,小香
2991138,千葉県,君津市,上湯江
2991141,千葉県,君津市,君津
2991142,千葉県,君津市,坂田
2991143,千葉県,君津市,君津台
2991144,千葉県,君津市,東坂田
2991145,千葉県,君津市,西坂田
2991146,千葉県,君津市,大和田
2991147,千葉県,君津市,人見
2991151,千葉県,君津市,中野
2991152,千葉県,君津市,久保
2991153,千葉県,君津市,台
2991154,千葉県,君津市,南久保
2991161,千葉県,君津市,北子安
2991162,千葉県,君津市,南子安
2991163,千葉県,君津市,杢師
2991164,千葉県,君津市,北久保
2991165,千葉県,君津市,高坂
2991166,千葉県,君津市,陽光台
2991171,千葉県,君津市,八重原
2991172,千葉県,君津市,三直
2991173,千葉県,君津市,外箕輪
2991174,千葉県,君津市,法木作
2991175,千葉県,君津市,内箕輪
2991176,千葉県,君津市,内蓑輪
2991192,千葉県,君津市,久保２丁目１３−１
2991194,千葉県,君津市,人見１４６２−２
2991195,千葉県,君津市,人見１２１２
2991601,千葉県,富津市,桜井総稱鬼泪山
2991602,千葉県,富津市,桜井
2991603,千葉県,富津市,更和
2991604,千葉県,富津市,台原
2991605,千葉県,富津市,望井
2991606,千葉県,富津市,数馬
2991607,千葉県,富津市,湊
2991608,千葉県,富津市,岩坂
2991609,千葉県,富津市,加藤
2991611,千葉県,富津市,長崎
2991612,千葉県,富津市,横山
2991613,千葉県,富津市,不入斗
2991614,千葉県,富津市,梨沢
2991615,千葉県,富津市,相川
2991616,千葉県,富津市,海良
2991617,千葉県,富津市,売津
2991618,千葉県,富津市,花輪
2991621,千葉県,富津市,竹岡
2991622,千葉県,富津市,萩生
2991731,千葉県,富津市,田倉
2991732,千葉県,富津市,宇藤原
2991733,千葉県,富津市,高溝
2991734,千葉県,富津市,関
2991735,千葉県,富津市,大田和
2991736,千葉県,富津市,大川崎
2991737,千葉県,富津市,東大和田
2991741,千葉県,富津市,御代原
2991742,千葉県,富津市,豊岡
2991743,千葉県,富津市,山中
2991744,千葉県,富津市,梨沢
2991745,千葉県,富津市,志駒
2991746,千葉県,富津市,岩本
2991747,千葉県,富津市,小志駒
2991751,千葉県,富津市,恩田
2991752,千葉県,富津市,関尻
2991753,千葉県,富津市,上後
2991754,千葉県,富津市,山脇
2991755,千葉県,富津市,田原
2991756,千葉県,富津市,六野
2991757,千葉県,富津市,押切
2991758,千葉県,富津市,大森
2991759,千葉県,富津市,寺尾
2991861,千葉県,富津市,金谷
2991901,千葉県,安房郡鋸南町,元名
2991902,千葉県,安房郡鋸南町,保田
2991903,千葉県,安房郡鋸南町,大帷子
2991904,千葉県,安房郡鋸南町,小保田
2991905,千葉県,安房郡鋸南町,市井原
2991906,千葉県,安房郡鋸南町,横根
2991907,千葉県,安房郡鋸南町,江月
2991908,千葉県,安房郡鋸南町,吉浜
2991909,千葉県,安房郡鋸南町,大六
2992100,千葉県,安房郡鋸南町,
2992111,千葉県,安房郡鋸南町,大崩
2992112,千葉県,安房郡鋸南町,奥山
2992113,千葉県,安房郡鋸南町,上佐久間
2992114,千葉県,安房郡鋸南町,中佐久間
2992115,千葉県,安房郡鋸南町,下佐久間
2992116,千葉県,安房郡鋸南町,岩井袋
2992117,千葉県,安房郡鋸南町,勝山
2992118,千葉県,安房郡鋸南町,竜島
2992192,千葉県,安房郡鋸南町,下佐久間３４５８
2992201,千葉県,南房総市,荒川
2992202,千葉県,南房総市,平塚
2992203,千葉県,南房総市,山田
2992204,千葉県,南房総市,平久里中
2992205,千葉県,南房総市,犬掛
2992206,千葉県,南房総市,平久里下
2992211,千葉県,南房総市,川上
2992212,千葉県,南房総市,井野
2992213,千葉県,南房総市,吉沢
2992214,千葉県,南房総市,二部
2992215,千葉県,南房総市,検儀谷
2992216,千葉県,南房総市,久枝
2992221,千葉県,南房総市,合戸
2992222,千葉県,南房総市,宮谷
2992223,千葉県,南房総市,高崎
2992224,千葉県,南房総市,小浦
2992225,千葉県,南房総市,竹内
2992226,千葉県,南房総市,市部
2992292,千葉県,南房総市,久枝３２７番地
2992400,千葉県,南房総市,
2992401,千葉県,南房総市,富浦町南無谷
2992402,千葉県,南房総市,富浦町豊岡
2992403,千葉県,南房総市,富浦町原岡
2992404,千葉県,南房総市,富浦町多田良
2992411,千葉県,南房総市,富浦町居倉
2992412,千葉県,南房総市,富浦町大津
2992413,千葉県,南房総市,富浦町宮本
2992414,千葉県,南房総市,富浦町福澤
2992415,千葉県,南房総市,富浦町深名
2992416,千葉県,南房総市,富浦町青木
2992417,千葉県,南房総市,富浦町丹生
2992418,千葉県,南房総市,富浦町手取
2992492,千葉県,南房総市,富浦町青木２８
2992501,千葉県,南房総市,珠師ケ谷
2992502,千葉県,南房総市,石堂原
2992503,千葉県,南房総市,石堂
2992504,千葉県,南房総市,川谷
2992505,千葉県,南房総市,宮下
2992506,千葉県,南房総市,御子神
2992507,千葉県,南房総市,大井
2992508,千葉県,南房総市,丸山平塚
2992511,千葉県,南房総市,小戸
2992512,千葉県,南房総市,岩糸
2992513,千葉県,南房総市,古川
2992514,千葉県,南房総市,西原
2992515,千葉県,南房総市,石神
2992516,千葉県,南房総市,前田
2992517,千葉県,南房総市,丸本郷
2992521,千葉県,南房総市,白子
2992522,千葉県,南房総市,安馬谷
2992523,千葉県,南房総市,峰
2992524,千葉県,南房総市,久保
2992525,千葉県,南房総市,加茂
2992526,千葉県,南房総市,沓見
2992592,千葉県,南房総市,岩糸２４８９番地
2992592,千葉県,南房総市,岩糸２４８９番地
2992701,千葉県,南房総市,和田町花園
2992702,千葉県,南房総市,和田町柴
2992703,千葉県,南房総市,和田町仁我浦
2992704,千葉県,南房総市,和田町和田
2992705,千葉県,南房総市,和田町真浦
2992711,千葉県,南房総市,和田町白渚
2992712,千葉県,南房総市,和田町海発
2992713,千葉県,南房総市,和田町松田
2992714,千葉県,南房総市,和田町沼
2992715,千葉県,南房総市,和田町下三原
2992716,千葉県,南房総市,和田町中三原
2992721,千葉県,南房総市,和田町五十蔵
2992722,千葉県,南房総市,和田町磑森
2992723,千葉県,南房総市,和田町布野
2992724,千葉県,南房総市,和田町小向
2992725,千葉県,南房総市,和田町黒岩
2992726,千葉県,南房総市,和田町小川
2992727,千葉県,南房総市,和田町上三原
2992728,千葉県,南房総市,和田町石堂
2992792,千葉県,南房総市,和田町仁我浦２０６
2992795,千葉県,南房総市,和田町海発１６０４
2992841,千葉県,鴨川市,西江見
2992842,千葉県,鴨川市,江見青木
2992843,千葉県,鴨川市,東江見
2992844,千葉県,鴨川市,江見東真門
2992845,千葉県,鴨川市,江見西真門
2992846,千葉県,鴨川市,江見外堀
2992847,千葉県,鴨川市,江見内遠野
2992851,千葉県,鴨川市,仲町
2992852,千葉県,鴨川市,二子
2992853,千葉県,鴨川市,宮
2992854,千葉県,鴨川市,代
2992855,千葉県,鴨川市,畑
2992856,千葉県,鴨川市,西
2992857,千葉県,鴨川市,東
2992858,千葉県,鴨川市,上
2992861,千葉県,鴨川市,太海西
2992862,千葉県,鴨川市,太海
2992863,千葉県,鴨川市,太海浜
2992864,千葉県,鴨川市,天面
2992865,千葉県,鴨川市,江見太夫崎
2992866,千葉県,鴨川市,江見吉浦
2992867,千葉県,鴨川市,西山
2993200,千葉県,大網白里市,
2993201,千葉県,大網白里市,北今泉
2993202,千葉県,大網白里市,南今泉
2993203,千葉県,大網白里市,四天木
2993211,千葉県,大網白里市,細草
2993212,千葉県,大網白里市,清水
2993213,千葉県,大網白里市,二之袋
2993214,千葉県,大網白里市,下ヶ傍示
2993215,千葉県,大網白里市,長国
2993216,千葉県,大網白里市,北吉田
2993217,千葉県,大網白里市,木崎
2993218,千葉県,大網白里市,北飯塚
2993219,千葉県,大網白里市,南飯塚
2993221,千葉県,大網白里市,富田
2993222,千葉県,大網白里市,星谷
2993223,千葉県,大網白里市,南横川
2993231,千葉県,大網白里市,経田
2993232,千葉県,大網白里市,ながた野
2993233,千葉県,大網白里市,永田
2993234,千葉県,大網白里市,みずほ台
2993235,千葉県,大網白里市,駒込
2993236,千葉県,大網白里市,みやこ野
2993237,千葉県,大網白里市,仏島
2993241,千葉県,大網白里市,季美の森南
2993242,千葉県,大網白里市,金谷郷
2993243,千葉県,大網白里市,大竹
2993244,千葉県,大網白里市,南玉
2993245,千葉県,大網白里市,池田
2993246,千葉県,大網白里市,小中
2993247,千葉県,大網白里市,神房
2993248,千葉県,大網白里市,萱野
2993249,千葉県,大網白里市,砂田
2993251,千葉県,大網白里市,大網
2993252,千葉県,大網白里市,餅木
2993253,千葉県,大網白里市,小西
2993254,千葉県,大網白里市,養安寺
2993255,千葉県,大網白里市,みどりが丘
2993256,千葉県,大網白里市,山口
2993261,千葉県,大網白里市,九十根
2993262,千葉県,大網白里市,桂山
2993263,千葉県,大網白里市,柳橋
2993264,千葉県,大網白里市,柿餅
2993265,千葉県,大網白里市,上貝塚
2993266,千葉県,大網白里市,北横川
2993267,千葉県,大網白里市,清名幸谷
2993268,千葉県,大網白里市,上谷新田
2994101,千葉県,茂原市,清水
2994102,千葉県,茂原市,御蔵芝
2994103,千葉県,茂原市,千沢
2994104,千葉県,茂原市,南吉田
2994105,千葉県,茂原市,弓渡
2994106,千葉県,茂原市,粟生野
2994111,千葉県,茂原市,萱場
2994112,千葉県,茂原市,西野
2994113,千葉県,茂原市,法目
2994114,千葉県,茂原市,本納
2994115,千葉県,茂原市,榎神房
2994116,千葉県,茂原市,高田
2994117,千葉県,茂原市,小萱場
2994118,千葉県,茂原市,榎神房飛地
2994121,千葉県,茂原市,吉井下
2994122,千葉県,茂原市,吉井上
2994123,千葉県,茂原市,下太田
2994124,千葉県,茂原市,上太田
2994125,千葉県,茂原市,大沢
2994126,千葉県,茂原市,柴名
2994127,千葉県,茂原市,桂
2994128,千葉県,茂原市,桂飛地
2994129,千葉県,茂原市,にいはる工業団地
2994192,千葉県,茂原市,本納２７７７
2994200,千葉県,長生郡白子町,
2994201,千葉県,長生郡白子町,浜宿
2994202,千葉県,長生郡白子町,牛込
2994203,千葉県,長生郡白子町,剃金
2994204,千葉県,長生郡白子町,福島
2994205,千葉県,長生郡白子町,南日当
2994206,千葉県,長生郡白子町,北日当
2994211,千葉県,長生郡白子町,五井
2994212,千葉県,長生郡白子町,古所
2994213,千葉県,長生郡白子町,八斗
2994214,千葉県,長生郡白子町,驚
2994215,千葉県,長生郡白子町,中里
2994216,千葉県,長生郡白子町,幸治
2994217,千葉県,長生郡白子町,北高根
2994218,千葉県,長生郡白子町,関
2994292,千葉県,長生郡白子町,関５０７４−２
2994300,千葉県,長生郡長生村,
2994300,千葉県,長生郡一宮町,
2994301,千葉県,長生郡一宮町,一宮
2994302,千葉県,長生郡一宮町,田町
2994303,千葉県,長生郡一宮町,東浪見
2994304,千葉県,長生郡一宮町,綱田
2994305,千葉県,長生郡一宮町,本給
2994306,千葉県,長生郡一宮町,東野
2994311,千葉県,長生郡一宮町,白山
2994312,千葉県,長生郡一宮町,宮原
2994313,千葉県,長生郡一宮町,船頭給
2994314,千葉県,長生郡一宮町,新地
2994315,千葉県,長生郡一宮町,新地甲
2994316,千葉県,長生郡一宮町,新地丙
2994321,千葉県,長生郡長生村,入山津
2994322,千葉県,長生郡長生村,驚
2994323,千葉県,長生郡長生村,一松戊
2994324,千葉県,長生郡長生村,一松丁
2994325,千葉県,長生郡長生村,一松丙
2994326,千葉県,長生郡長生村,一松乙
2994327,千葉県,長生郡長生村,一松
2994328,千葉県,長生郡長生村,一松甲
2994331,千葉県,長生郡長生村,信友
2994332,千葉県,長生郡長生村,金田
2994333,千葉県,長生郡長生村,七井土
2994334,千葉県,長生郡長生村,薮塚
2994335,千葉県,長生郡長生村,水口
2994336,千葉県,長生郡長生村,岩沼
2994337,千葉県,長生郡長生村,北水口
2994338,千葉県,長生郡長生村,六ツ野飛地
2994341,千葉県,長生郡長生村,宮成
2994342,千葉県,長生郡長生村,一松飛地甲
2994343,千葉県,長生郡長生村,岩沼飛地
2994344,千葉県,長生郡長生村,曽根
2994345,千葉県,長生郡長生村,本郷
2994346,千葉県,長生郡長生村,中之郷
2994347,千葉県,長生郡長生村,小泉
2994392,千葉県,長生郡一宮町,一宮１００００番地
2994394,千葉県,長生郡長生村,本郷１−７７
2994395,千葉県,長生郡長生村,薮塚１０８０
2994396,千葉県,長生郡一宮町,一宮２４５７
2994400,千葉県,長生郡睦沢町,
2994401,千葉県,長生郡睦沢町,寺崎
2994402,千葉県,長生郡睦沢町,川島
2994403,千葉県,長生郡睦沢町,上市場
2994404,千葉県,長生郡睦沢町,北山田
2994405,千葉県,長生郡睦沢町,大谷木
2994406,千葉県,長生郡睦沢町,北山田寺崎新田
2994411,千葉県,長生郡睦沢町,河須ケ谷
2994412,千葉県,長生郡睦沢町,岩井
2994413,千葉県,長生郡睦沢町,上之郷
2994414,千葉県,長生郡睦沢町,下之郷
2994415,千葉県,長生郡睦沢町,小滝
2994421,千葉県,長生郡睦沢町,長楽寺
2994422,千葉県,長生郡睦沢町,森
2994423,千葉県,長生郡睦沢町,大上
2994424,千葉県,長生郡睦沢町,妙楽寺
2994425,千葉県,長生郡睦沢町,佐貫
2994492,千葉県,長生郡睦沢町,下之郷１６５０−１
2994493,千葉県,長生郡睦沢町,妙楽寺２３００
2994501,千葉県,いすみ市,岬町椎木
2994502,千葉県,いすみ市,岬町中原
2994503,千葉県,いすみ市,岬町和泉
2994504,千葉県,いすみ市,岬町桑田
2994505,千葉県,いすみ市,岬町岩熊
2994506,千葉県,いすみ市,岬町市野々
2994507,千葉県,いすみ市,岬町谷上
2994508,千葉県,いすみ市,岬町榎沢
2994611,千葉県,いすみ市,岬町和泉
2994612,千葉県,いすみ市,岬町江場土
2994613,千葉県,いすみ市,岬町三門
2994614,千葉県,いすみ市,岬町東小高
2994615,千葉県,いすみ市,岬町井沢
2994616,千葉県,いすみ市,岬町長者
2994621,千葉県,いすみ市,岬町東中滝
2994622,千葉県,いすみ市,岬町押日
2994623,千葉県,いすみ市,岬町中滝
2994624,千葉県,いすみ市,岬町鴨根
2994625,千葉県,いすみ市,岬町嘉谷
2994692,千葉県,いすみ市,岬町長者５４９
2995100,千葉県,夷隅郡御宿町,
2995101,千葉県,夷隅郡御宿町,高山田
2995102,千葉県,夷隅郡御宿町,久保
2995103,千葉県,夷隅郡御宿町,新町
2995104,千葉県,夷隅郡御宿町,六軒町
2995105,千葉県,夷隅郡御宿町,岩和田
2995106,千葉県,夷隅郡御宿町,須賀
2995107,千葉県,夷隅郡御宿町,浜
2995111,千葉県,夷隅郡御宿町,上布施
2995112,千葉県,夷隅郡御宿町,御宿台
2995113,千葉県,夷隅郡御宿町,七本
2995114,千葉県,夷隅郡御宿町,実谷
2995192,千葉県,夷隅郡御宿町,須賀１５２２
2995200,千葉県,勝浦市,
2995201,千葉県,勝浦市,市野郷
2995202,千葉県,勝浦市,市野川
2995203,千葉県,勝浦市,花里
2995204,千葉県,勝浦市,中倉
2995205,千葉県,勝浦市,杉戸
2995206,千葉県,勝浦市,佐野
2995211,千葉県,勝浦市,松野
2995212,千葉県,勝浦市,蟹田
2995213,千葉県,勝浦市,芳賀
2995214,千葉県,勝浦市,白木
2995215,千葉県,勝浦市,白井久保
2995216,千葉県,勝浦市,宿戸
2995217,千葉県,勝浦市,大楠
2995218,千葉県,勝浦市,小羽戸
2995219,千葉県,勝浦市,小松野
2995221,千葉県,勝浦市,平田
2995222,千葉県,勝浦市,関谷
2995223,千葉県,勝浦市,部原
2995224,千葉県,勝浦市,新官
2995225,千葉県,勝浦市,墨名
2995226,千葉県,勝浦市,串浜
2995227,千葉県,勝浦市,中谷
2995228,千葉県,勝浦市,新戸
2995231,千葉県,勝浦市,沢倉
2995232,千葉県,勝浦市,川津
2995233,千葉県,勝浦市,浜勝浦
2995234,千葉県,勝浦市,勝浦
2995235,千葉県,勝浦市,出水
2995241,千葉県,勝浦市,松部
2995242,千葉県,勝浦市,吉尾
2995243,千葉県,勝浦市,鵜原
2995244,千葉県,勝浦市,守谷
2995245,千葉県,勝浦市,興津
2995246,千葉県,勝浦市,興津久保山台
2995251,千葉県,勝浦市,大森上植野入会地
2995252,千葉県,勝浦市,上植野
2995253,千葉県,勝浦市,名木
2995254,千葉県,勝浦市,台宿
2995255,千葉県,勝浦市,浜行川
2995256,千葉県,勝浦市,大沢
2995261,千葉県,勝浦市,大森
2995262,千葉県,勝浦市,中里
2995263,千葉県,勝浦市,赤羽根
2995264,千葉県,勝浦市,中島
2995265,千葉県,勝浦市,植野
2995266,千葉県,勝浦市,上野
2995267,千葉県,勝浦市,植野元宮田
2995271,千葉県,勝浦市,法花
2995272,千葉県,勝浦市,貝掛
2995273,千葉県,勝浦市,荒川
2995274,千葉県,勝浦市,南山田
2995292,千葉県,勝浦市,新官１３４３−１
2995295,千葉県,勝浦市,新官８４１
2995501,千葉県,鴨川市,小湊
2995502,千葉県,鴨川市,内浦
2995503,千葉県,鴨川市,天津
2995504,千葉県,鴨川市,浜荻
2995505,千葉県,鴨川市,清澄
2995506,千葉県,鴨川市,四方木
