4000000,山梨県,甲府市,
4000001,山梨県,甲府市,和田町
4000002,山梨県,甲府市,小松町
4000003,山梨県,甲府市,塚原町
4000004,山梨県,甲府市,西田町
4000005,山梨県,甲府市,北新
4000006,山梨県,甲府市,天神町
4000007,山梨県,甲府市,美咲
4000008,山梨県,甲府市,緑が丘
4000011,山梨県,甲府市,上積翠寺町
4000012,山梨県,甲府市,下積翠寺町
4000013,山梨県,甲府市,岩窪町
4000014,山梨県,甲府市,古府中町
4000015,山梨県,甲府市,大手
4000016,山梨県,甲府市,武田
4000017,山梨県,甲府市,屋形
4000021,山梨県,甲府市,宮前町
4000022,山梨県,甲府市,元紺屋町
4000023,山梨県,甲府市,愛宕町
4000024,山梨県,甲府市,北口
4000025,山梨県,甲府市,朝日
4000026,山梨県,甲府市,塩部
4000027,山梨県,甲府市,富士見
4000028,山梨県,甲府市,音羽町
4000031,山梨県,甲府市,丸の内
4000032,山梨県,甲府市,中央
4000033,山梨県,甲府市,寿町
4000034,山梨県,甲府市,宝
4000035,山梨県,甲府市,飯田
4000041,山梨県,甲府市,上石田
4000042,山梨県,甲府市,高畑
4000043,山梨県,甲府市,国母
4000044,山梨県,甲府市,上小河原町
4000045,山梨県,甲府市,後屋町
4000046,山梨県,甲府市,下石田
4000047,山梨県,甲府市,徳行
4000048,山梨県,甲府市,貢川本町
4000049,山梨県,甲府市,富竹
4000051,山梨県,甲府市,古上条町
4000052,山梨県,甲府市,上条新居町
4000053,山梨県,甲府市,大里町
4000054,山梨県,甲府市,西下条町
4000055,山梨県,甲府市,大津町
4000056,山梨県,甲府市,堀之内町
4000057,山梨県,甲府市,高室町
4000058,山梨県,甲府市,宮原町
4000061,山梨県,甲府市,荒川
4000062,山梨県,甲府市,池田
4000063,山梨県,甲府市,金竹町
4000064,山梨県,甲府市,下飯田
4000065,山梨県,甲府市,貢川
4000066,山梨県,甲府市,新田町
4000067,山梨県,甲府市,長松寺町
4000068,山梨県,甲府市,下河原町
4000069,山梨県,甲府市,中村町
4000071,山梨県,甲府市,羽黒町
4000072,山梨県,甲府市,大和町
4000073,山梨県,甲府市,湯村
4000074,山梨県,甲府市,千塚
4000075,山梨県,甲府市,山宮町
4000081,山梨県,甲府市,上帯那町
4000082,山梨県,甲府市,下帯那町
4000083,山梨県,甲府市,平瀬町
4000100,山梨県,甲斐市,
4000101,山梨県,甲斐市,菖蒲沢
4000102,山梨県,甲斐市,団子新居
4000103,山梨県,甲斐市,大垈
4000104,山梨県,甲斐市,龍地
4000105,山梨県,甲斐市,下今井
4000106,山梨県,甲斐市,岩森
4000107,山梨県,甲斐市,志田
4000108,山梨県,甲斐市,宇津谷
4000111,山梨県,甲斐市,竜王新町
4000112,山梨県,甲斐市,名取
4000113,山梨県,甲斐市,富竹新田
4000114,山梨県,甲斐市,万才
4000115,山梨県,甲斐市,篠原
4000116,山梨県,甲斐市,玉川
4000117,山梨県,甲斐市,西八幡
4000118,山梨県,甲斐市,竜王
4000121,山梨県,甲斐市,牛句
4000122,山梨県,甲斐市,境
4000123,山梨県,甲斐市,島上条
4000124,山梨県,甲斐市,中下条
4000125,山梨県,甲斐市,長塚
4000126,山梨県,甲斐市,大下条
4000127,山梨県,甲斐市,天狗沢
4000128,山梨県,甲斐市,大久保
4000192,山梨県,甲斐市,篠原２６１０
4000193,山梨県,甲斐市,島上条１２４８
4000194,山梨県,甲斐市,龍地３０４９
4000195,山梨県,甲斐市,名取３４７−３
4000196,山梨県,甲斐市,下今井１７１
4000201,山梨県,南アルプス市,上高砂
4000202,山梨県,南アルプス市,下高砂
4000203,山梨県,南アルプス市,徳永
4000204,山梨県,南アルプス市,榎原
4000205,山梨県,南アルプス市,野牛島
4000206,山梨県,南アルプス市,六科
4000211,山梨県,南アルプス市,上今諏訪
4000212,山梨県,南アルプス市,下今諏訪
4000213,山梨県,南アルプス市,西野
4000214,山梨県,南アルプス市,百々
4000215,山梨県,南アルプス市,上八田
4000221,山梨県,南アルプス市,在家塚
4000222,山梨県,南アルプス市,飯野
4000223,山梨県,南アルプス市,曲輪田新田
4000224,山梨県,南アルプス市,飯野新田
4000225,山梨県,南アルプス市,築山
4000226,山梨県,南アルプス市,有野
4000231,山梨県,南アルプス市,塩前
4000232,山梨県,南アルプス市,駒場
4000233,山梨県,南アルプス市,須沢
4000234,山梨県,南アルプス市,大嵐
4000241,山梨県,南アルプス市,芦安芦倉
4000242,山梨県,南アルプス市,芦安安通
4000280,山梨県,南アルプス市,上今諏訪町７５０番地
4000292,山梨県,南アルプス市,飯野２８０６
4000293,山梨県,南アルプス市,芦安芦倉５１８
4000298,山梨県,南アルプス市,榎原８００
4000301,山梨県,南アルプス市,桃園
4000302,山梨県,南アルプス市,沢登
4000303,山梨県,南アルプス市,上今井
4000304,山梨県,南アルプス市,吉田
4000305,山梨県,南アルプス市,十五所
4000306,山梨県,南アルプス市,小笠原
4000308,山梨県,南アルプス市,山寺
4000311,山梨県,南アルプス市,曲輪田
4000312,山梨県,南アルプス市,上宮地
4000313,山梨県,南アルプス市,平岡
4000314,山梨県,南アルプス市,下市之瀬
4000315,山梨県,南アルプス市,上野
4000316,山梨県,南アルプス市,中野
4000317,山梨県,南アルプス市,上市之瀬
4000318,山梨県,南アルプス市,高尾
4000319,山梨県,南アルプス市,あやめが丘
4000331,山梨県,南アルプス市,下今井
4000332,山梨県,南アルプス市,鏡中條
4000333,山梨県,南アルプス市,浅原
4000334,山梨県,南アルプス市,藤田
4000335,山梨県,南アルプス市,加賀美
4000336,山梨県,南アルプス市,十日市場
4000337,山梨県,南アルプス市,寺部
4000393,山梨県,南アルプス市,寺部７２５−１
4000395,山梨県,南アルプス市,小笠原３７６
4000398,山梨県,南アルプス市,桃園３４０
4000400,山梨県,南アルプス市,
4000401,山梨県,南アルプス市,江原
4000402,山梨県,南アルプス市,田島
4000403,山梨県,南アルプス市,鮎沢
4000404,山梨県,南アルプス市,古市場
4000405,山梨県,南アルプス市,下宮地
4000411,山梨県,南アルプス市,西南湖
4000412,山梨県,南アルプス市,東南湖
4000413,山梨県,南アルプス市,和泉
4000414,山梨県,南アルプス市,戸田
4000415,山梨県,南アルプス市,宮沢
4000416,山梨県,南アルプス市,大師
4000417,山梨県,南アルプス市,清水
4000421,山梨県,南アルプス市,川上
4000422,山梨県,南アルプス市,荊沢
4000423,山梨県,南アルプス市,落合
4000424,山梨県,南アルプス市,秋山
4000425,山梨県,南アルプス市,湯沢
4000426,山梨県,南アルプス市,塚原
4000492,山梨県,南アルプス市,鮎沢１２１２
4000493,山梨県,南アルプス市,戸田字下戸田４３２−５
4000495,山梨県,南アルプス市,宮沢１６０
4000498,山梨県,南アルプス市,宮沢５６８
4000500,山梨県,南巨摩郡富士川町,
4000501,山梨県,南巨摩郡富士川町,青柳町
4000502,山梨県,南巨摩郡富士川町,最勝寺
4000503,山梨県,南巨摩郡富士川町,天神中條
4000504,山梨県,南巨摩郡富士川町,小林
4000505,山梨県,南巨摩郡富士川町,長澤
4000506,山梨県,南巨摩郡富士川町,大椚
4000511,山梨県,南巨摩郡富士川町,大久保
4000512,山梨県,南巨摩郡富士川町,小室
4000513,山梨県,南巨摩郡富士川町,高下
4000514,山梨県,南巨摩郡富士川町,平林
4000515,山梨県,南巨摩郡富士川町,舂米
4000592,山梨県,南巨摩郡富士川町,天神中條１１３４番地
4000593,山梨県,南巨摩郡富士川町,小林４３０番地１
4000598,山梨県,南巨摩郡富士川町,最勝寺１３５１
4000601,山梨県,南巨摩郡富士川町,鰍沢
4000602,山梨県,南巨摩郡富士川町,駅前通
4000603,山梨県,南巨摩郡富士川町,鹿島
4000604,山梨県,南巨摩郡富士川町,箱原
4000605,山梨県,南巨摩郡富士川町,柳川
4000606,山梨県,南巨摩郡富士川町,十谷
4000607,山梨県,南巨摩郡富士川町,鳥屋
4000608,山梨県,南巨摩郡富士川町,長知沢
4000692,山梨県,南巨摩郡富士川町,鰍沢７７１−２
4000693,山梨県,南巨摩郡富士川町,鰍沢１５０２−１
4000695,山梨県,南巨摩郡富士川町,鰍沢１５９９番地５
4000801,山梨県,甲府市,善光寺町
4000802,山梨県,甲府市,横根町
4000803,山梨県,甲府市,桜井町
4000804,山梨県,甲府市,酒折町
4000805,山梨県,甲府市,酒折
4000806,山梨県,甲府市,善光寺
4000807,山梨県,甲府市,東光寺
4000808,山梨県,甲府市,東光寺町
4000811,山梨県,甲府市,川田町
4000812,山梨県,甲府市,和戸町
4000813,山梨県,甲府市,向町
4000814,山梨県,甲府市,上阿原町
4000815,山梨県,甲府市,国玉町
4000821,山梨県,甲府市,砂田町
4000822,山梨県,甲府市,里吉
4000823,山梨県,甲府市,里吉町
4000824,山梨県,甲府市,蓬沢町
4000825,山梨県,甲府市,七沢町
4000826,山梨県,甲府市,西高橋町
4000827,山梨県,甲府市,蓬沢
4000828,山梨県,甲府市,青葉町
4000831,山梨県,甲府市,上町
4000832,山梨県,甲府市,増坪町
4000833,山梨県,甲府市,西油川町
4000834,山梨県,甲府市,落合町
4000835,山梨県,甲府市,下鍛冶屋町
4000836,山梨県,甲府市,小瀬町
4000841,山梨県,甲府市,小曲町
4000842,山梨県,甲府市,下今井町
4000843,山梨県,甲府市,東下条町
4000844,山梨県,甲府市,中町
4000845,山梨県,甲府市,上今井町
4000851,山梨県,甲府市,住吉
4000852,山梨県,甲府市,住吉本町
4000853,山梨県,甲府市,下小河原町
4000854,山梨県,甲府市,中小河原町
4000855,山梨県,甲府市,中小河原
4000856,山梨県,甲府市,伊勢
4000857,山梨県,甲府市,幸町
4000858,山梨県,甲府市,相生
4000861,山梨県,甲府市,城東
4000862,山梨県,甲府市,朝気
4000863,山梨県,甲府市,南口町
4000864,山梨県,甲府市,湯田
4000865,山梨県,甲府市,太田町
4000866,山梨県,甲府市,若松町
4000867,山梨県,甲府市,青沼
4001111,山梨県,甲斐市,千田
4001112,山梨県,甲斐市,吉沢
4001113,山梨県,甲斐市,亀沢
4001114,山梨県,甲斐市,打返
4001115,山梨県,甲斐市,漆戸
4001116,山梨県,甲斐市,獅子平
4001117,山梨県,甲斐市,上菅口
4001121,山梨県,甲斐市,上芦沢
4001122,山梨県,甲斐市,下芦沢
4001123,山梨県,甲斐市,上福沢
4001124,山梨県,甲斐市,下福沢
4001125,山梨県,甲斐市,下菅口
4001126,山梨県,甲斐市,安寺
4001127,山梨県,甲斐市,神戸
4001131,山梨県,甲斐市,亀沢
4001211,山梨県,甲府市,黒平町
4001212,山梨県,甲府市,高町
4001213,山梨県,甲府市,川窪町
4001214,山梨県,甲府市,高成町
4001215,山梨県,甲府市,竹日向町
4001216,山梨県,甲府市,塔岩町
4001217,山梨県,甲府市,猪狩町
4001218,山梨県,甲府市,御岳町
4001219,山梨県,甲府市,草鹿沢町
4001501,山梨県,甲府市,上曽根町
4001502,山梨県,甲府市,白井町
4001503,山梨県,甲府市,心経寺町
4001504,山梨県,甲府市,右左口町
4001505,山梨県,甲府市,中畑町
4001506,山梨県,甲府市,上向山町
4001507,山梨県,甲府市,下向山町
4001508,山梨県,甲府市,下曽根町
4001511,山梨県,中央市,木原
4001512,山梨県,中央市,関原
4001513,山梨県,中央市,大鳥居
4001514,山梨県,中央市,浅利
4001515,山梨県,中央市,高部
4001592,山梨県,甲府市,下曽根町１０７０−３
4001593,山梨県,甲府市,下曽根町３４４０−１
4001594,山梨県,中央市,大鳥居３８６６番地
4001597,山梨県,中央市,高部１９２１−５
4001598,山梨県,甲府市,下曽根町３４０２−３
4008501,山梨県,甲府市,丸の内１丁目６−１
4008502,山梨県,甲府市,丸の内２丁目１７−６
4008505,山梨県,甲府市,北口２丁目６−１０
4008506,山梨県,甲府市,富士見１丁目１−１
4008508,山梨県,甲府市,横根町８８８
4008509,山梨県,甲府市,富士見１丁目４番２４号
4008510,山梨県,甲府市,武田４丁目４−３７
4008511,山梨県,甲府市,武田４丁目３−１１
4008512,山梨県,甲府市,相生２丁目２−１７
4008515,山梨県,甲府市,北口２丁目６−１０
4008521,山梨県,甲府市,湯村３丁目２−３０
4008525,山梨県,甲府市,北口２丁目６−１０
4008531,山梨県,甲府市,丸の内１丁目１７−１０東武穴水ビル８階
4008533,山梨県,甲府市,天神町１１−３５
4008535,山梨県,甲府市,北口２丁目６−１０
4008536,山梨県,甲府市,丸の内２丁目３１−３ＮＴＴ山梨ビル
4008540,山梨県,甲府市,国母１丁目１７−２１
4008543,山梨県,甲府市,太田町９−１
4008544,山梨県,甲府市,丸の内３丁目３２−１２甲府ニッセイスカイビル６Ｆ
4008545,山梨県,甲府市,北口２丁目６−１０
4008550,山梨県,甲府市,川田町アリア１０５
4008552,山梨県,甲府市,丸の内１−１−２０
4008555,山梨県,甲府市,横根町８８８
4008556,山梨県,甲府市,中央１丁目１１−８
4008558,山梨県,甲府市,高室町１５５
4008559,山梨県,甲府市,丸の内３丁目３２−１２甲府ニッセイスカイビル
4008565,山梨県,甲府市,塩部１丁目３−１２
4008566,山梨県,甲府市,国母６丁目２−３８
4008570,山梨県,甲府市,湯田２丁目１３−１
4008571,山梨県,甲府市,丸の内３丁目３２番１１号住友生命甲府丸の内ビル３階
4008575,山梨県,甲府市,酒折２丁目４−５
4008577,山梨県,甲府市,丸の内１丁目１−１１
4008578,山梨県,甲府市,緑が丘１丁目１０−１
4008585,山梨県,甲府市,丸の内１丁目１８−１
4008586,山梨県,甲府市,丸の内１丁目６−１
4008588,山梨県,甲府市,飯田４丁目１０番２７号
4008601,山梨県,甲府市,丸の内１丁目２０−８（甲府中央郵便局私書箱第１号）
4008610,山梨県,甲府市,丸の内３丁目３２−１２（甲府中央郵便局私書箱第４４号）
4008633,山梨県,甲府市,中央１丁目６−１６（甲府中央郵便局私書箱第３８号）
4008666,山梨県,甲府市,幸町９−３０（甲府中央郵便局私書箱第７７号）
4008794,山梨県,甲府市,北口１丁目５−１７
4010000,山梨県,大月市,
4010001,山梨県,大月市,賑岡町畑倉
4010002,山梨県,大月市,賑岡町岩殿
4010003,山梨県,大月市,賑岡町ゆりケ丘
4010004,山梨県,大月市,賑岡町強瀬
4010005,山梨県,大月市,賑岡町浅利
4010006,山梨県,大月市,賑岡町奥山
4010011,山梨県,大月市,駒橋
4010012,山梨県,大月市,御太刀
4010013,山梨県,大月市,大月
4010014,山梨県,大月市,大月町大月
4010015,山梨県,大月市,大月町花咲
4010016,山梨県,大月市,大月町真木
4010021,山梨県,大月市,初狩町下初狩
4010022,山梨県,大月市,初狩町中初狩
4010023,山梨県,大月市,笹子町白野
4010024,山梨県,大月市,笹子町吉久保
4010025,山梨県,大月市,笹子町黒野田
4010201,山梨県,上野原市,秋山
4010292,山梨県,上野原市,秋山７１３１
4010300,山梨県,南都留郡富士河口湖町,
4010301,山梨県,南都留郡富士河口湖町,船津
4010302,山梨県,南都留郡富士河口湖町,小立
4010303,山梨県,南都留郡富士河口湖町,浅川
4010304,山梨県,南都留郡富士河口湖町,河口
4010305,山梨県,南都留郡富士河口湖町,大石
4010310,山梨県,南都留郡富士河口湖町,勝山
4010320,山梨県,南都留郡鳴沢村,
4010331,山梨県,南都留郡富士河口湖町,長浜
4010332,山梨県,南都留郡富士河口湖町,西湖
4010333,山梨県,南都留郡富士河口湖町,西湖西
4010334,山梨県,南都留郡富士河口湖町,西湖南
4010335,山梨県,南都留郡富士河口湖町,大嵐
4010336,山梨県,南都留郡富士河口湖町,精進
4010337,山梨県,南都留郡富士河口湖町,本栖
4010338,山梨県,南都留郡富士河口湖町,富士ケ嶺
4010380,山梨県,南都留郡富士河口湖町,小立７１８７
4010395,山梨県,南都留郡富士河口湖町,船津６６６３−２
4010396,山梨県,南都留郡富士河口湖町,船津３６３３−１
4010397,山梨県,南都留郡鳴沢村,８５３２−２８
4010398,山梨県,南都留郡鳴沢村,１５７５
4010500,山梨県,南都留郡山中湖村,
4010500,山梨県,南都留郡忍野村,
4010501,山梨県,南都留郡山中湖村,山中
4010502,山梨県,南都留郡山中湖村,平野
4010511,山梨県,南都留郡忍野村,忍草
4010512,山梨県,南都留郡忍野村,内野
4010592,山梨県,南都留郡忍野村,忍草１５１４
4010595,山梨県,南都留郡山中湖村,山中２３７−１
4010597,山梨県,南都留郡忍野村,忍草３５８０
4018501,山梨県,大月市,大月町花咲１６０２−１
4018601,山梨県,大月市,大月２丁目６−２０（大月郵便局私書箱第３号）
4020000,山梨県,都留市,
4020001,山梨県,都留市,田野倉
4020002,山梨県,都留市,大原
4020003,山梨県,都留市,川茂
4020004,山梨県,都留市,古川渡
4020005,山梨県,都留市,四日市場
4020006,山梨県,都留市,小形山
4020011,山梨県,都留市,井倉
4020012,山梨県,都留市,与縄
4020013,山梨県,都留市,盛里
4020014,山梨県,都留市,朝日馬場
4020015,山梨県,都留市,朝日曽雌
4020021,山梨県,都留市,玉川
4020022,山梨県,都留市,戸沢
4020023,山梨県,都留市,大野
4020024,山梨県,都留市,小野
4020025,山梨県,都留市,法能
4020031,山梨県,都留市,十日市場
4020032,山梨県,都留市,鹿留
4020033,山梨県,都留市,境
4020034,山梨県,都留市,桂町
4020035,山梨県,都留市,夏狩
4020041,山梨県,都留市,金井
4020042,山梨県,都留市,厚原
4020043,山梨県,都留市,平栗
4020044,山梨県,都留市,加畑
4020045,山梨県,都留市,大幡
4020046,山梨県,都留市,中津森
4020051,山梨県,都留市,下谷
4020052,山梨県,都留市,中央
4020053,山梨県,都留市,上谷
4020054,山梨県,都留市,田原
4020055,山梨県,都留市,川棚
4020056,山梨県,都留市,つる
4020200,山梨県,南都留郡道志村,
4020201,山梨県,南都留郡道志村,月夜野
4020202,山梨県,南都留郡道志村,大野
4020203,山梨県,南都留郡道志村,久保
4020204,山梨県,南都留郡道志村,大室指
4020205,山梨県,南都留郡道志村,椿
4020206,山梨県,南都留郡道志村,小善地
4020207,山梨県,南都留郡道志村,大栗
4020208,山梨県,南都留郡道志村,馬場
4020209,山梨県,南都留郡道志村,竹之本
4020211,山梨県,南都留郡道志村,東和出村
4020212,山梨県,南都留郡道志村,西和出村
4020213,山梨県,南都留郡道志村,谷相
4020214,山梨県,南都留郡道志村,川原畑
4020215,山梨県,南都留郡道志村,大指
4020216,山梨県,南都留郡道志村,釜之前
4020217,山梨県,南都留郡道志村,東神地
4020218,山梨県,南都留郡道志村,中神地
4020219,山梨県,南都留郡道志村,下中山
4020221,山梨県,南都留郡道志村,上中山
4020222,山梨県,南都留郡道志村,下善之木
4020223,山梨県,南都留郡道志村,上善之木
4020224,山梨県,南都留郡道志村,川村
4020225,山梨県,南都留郡道志村,板橋
4020226,山梨県,南都留郡道志村,下白井平
4020227,山梨県,南都留郡道志村,上白井平
4020228,山梨県,南都留郡道志村,長又
4028501,山梨県,都留市,上谷１丁目１−１
4028555,山梨県,都留市,田原３丁目８−１
4028580,山梨県,都留市,四日市場９０９−２
4030000,山梨県,南都留郡西桂町,
4030000,山梨県,富士吉田市,
4030001,山梨県,富士吉田市,上暮地
4030002,山梨県,富士吉田市,小明見
4030003,山梨県,富士吉田市,大明見
4030004,山梨県,富士吉田市,下吉田
4030005,山梨県,富士吉田市,上吉田
4030006,山梨県,富士吉田市,新屋
4030007,山梨県,富士吉田市,中曽根
4030008,山梨県,富士吉田市,下吉田東
4030009,山梨県,富士吉田市,富士見
4030011,山梨県,富士吉田市,新倉
4030012,山梨県,富士吉田市,旭
4030013,山梨県,富士吉田市,緑ケ丘
4030014,山梨県,富士吉田市,竜ケ丘
4030015,山梨県,富士吉田市,ときわ台
4030016,山梨県,富士吉田市,松山
4030017,山梨県,富士吉田市,新西原
4030018,山梨県,富士吉田市,向原
4030019,山梨県,富士吉田市,新町
4030021,山梨県,南都留郡西桂町,下暮地
4030022,山梨県,南都留郡西桂町,小沼
4030023,山梨県,南都留郡西桂町,倉見
4030031,山梨県,富士吉田市,浅間
4030032,山梨県,富士吉田市,上吉田東
4038522,山梨県,富士吉田市,上吉田６２８３
4038555,山梨県,富士吉田市,下吉田１０４８
4038601,山梨県,富士吉田市,下吉田１８４２（富士吉田郵便局私書箱第４号）
4040000,山梨県,甲州市,
4040001,山梨県,山梨市,牧丘町柳平
4040002,山梨県,山梨市,牧丘町杣口
4040003,山梨県,山梨市,牧丘町倉科
4040004,山梨県,山梨市,牧丘町西保下
4040005,山梨県,山梨市,牧丘町西保中
4040006,山梨県,山梨市,牧丘町牧平
4040007,山梨県,山梨市,牧丘町北原
4040011,山梨県,山梨市,牧丘町成沢
4040012,山梨県,山梨市,牧丘町室伏
4040013,山梨県,山梨市,牧丘町窪平
4040014,山梨県,山梨市,牧丘町隼
4040015,山梨県,山梨市,牧丘町城古寺
4040016,山梨県,山梨市,牧丘町千野々宮
4040021,山梨県,甲州市,塩山一之瀬高橋
4040022,山梨県,甲州市,塩山上萩原
4040023,山梨県,甲州市,塩山中萩原
4040024,山梨県,甲州市,塩山下萩原
4040025,山梨県,甲州市,塩山下小田原
4040026,山梨県,甲州市,塩山上小田原
4040031,山梨県,甲州市,塩山上粟生野
4040032,山梨県,甲州市,塩山下粟生野
4040033,山梨県,甲州市,塩山赤尾
4040034,山梨県,甲州市,塩山牛奥
4040035,山梨県,甲州市,塩山西野原
4040036,山梨県,甲州市,塩山熊野
4040037,山梨県,甲州市,塩山西広門田
4040041,山梨県,甲州市,塩山千野
4040042,山梨県,甲州市,塩山上於曽
4040043,山梨県,甲州市,塩山下於曽
4040044,山梨県,甲州市,塩山下塩後
4040045,山梨県,甲州市,塩山上塩後
4040046,山梨県,甲州市,塩山上井尻
4040047,山梨県,甲州市,塩山三日市場
4040051,山梨県,甲州市,塩山竹森
4040052,山梨県,甲州市,塩山平沢
4040053,山梨県,甲州市,塩山小屋敷
4040054,山梨県,甲州市,塩山藤木
4040055,山梨県,甲州市,塩山下柚木
4040056,山梨県,甲州市,塩山福生里
4040201,山梨県,山梨市,三富川浦
4040202,山梨県,山梨市,三富上柚木
4040203,山梨県,山梨市,三富下荻原
4040204,山梨県,山梨市,三富下釜口
4040205,山梨県,山梨市,三富徳和
4040206,山梨県,山梨市,三富上釜口
4040211,山梨県,甲州市,塩山小屋敷
4048501,山梨県,甲州市,塩山上於曽１０４０
4048601,山梨県,甲州市,塩山上塩後１２３９−１
4050000,山梨県,山梨市,
4050001,山梨県,山梨市,西
4050002,山梨県,山梨市,東
4050003,山梨県,山梨市,下井尻
4050004,山梨県,山梨市,上之割
4050005,山梨県,山梨市,小原東
4050006,山梨県,山梨市,小原西
4050007,山梨県,山梨市,七日市場
4050011,山梨県,山梨市,三ケ所
4050012,山梨県,山梨市,東後屋敷
4050013,山梨県,山梨市,鴨居寺
4050014,山梨県,山梨市,上石森
4050015,山梨県,山梨市,下石森
4050016,山梨県,山梨市,大野
4050017,山梨県,山梨市,下神内川
4050018,山梨県,山梨市,上神内川
4050021,山梨県,山梨市,中村
4050022,山梨県,山梨市,上栗原
4050023,山梨県,山梨市,下栗原
4050024,山梨県,山梨市,歌田
4050025,山梨県,山梨市,一町田中
4050031,山梨県,山梨市,万力
4050032,山梨県,山梨市,正徳寺
4050033,山梨県,山梨市,落合
4050034,山梨県,山梨市,上岩下
4050035,山梨県,山梨市,山根
4050036,山梨県,山梨市,矢坪
4050041,山梨県,山梨市,北
4050042,山梨県,山梨市,南
4050043,山梨県,山梨市,江曽原
4050044,山梨県,山梨市,市川
4050045,山梨県,山梨市,大工
4050046,山梨県,山梨市,堀内
4050047,山梨県,山梨市,水口
4050048,山梨県,山梨市,切差
4050051,山梨県,笛吹市,一宮町北野呂
4050052,山梨県,笛吹市,一宮町南野呂
4050053,山梨県,笛吹市,一宮町中尾
4050054,山梨県,笛吹市,一宮町千米寺
4050055,山梨県,笛吹市,一宮町地蔵堂
4050056,山梨県,笛吹市,一宮町一ノ宮
4050057,山梨県,笛吹市,一宮町下矢作
4050058,山梨県,笛吹市,一宮町小城
4050059,山梨県,笛吹市,一宮町上矢作
4050061,山梨県,笛吹市,一宮町石
4050062,山梨県,笛吹市,一宮町金沢
4050063,山梨県,笛吹市,一宮町市之蔵
4050064,山梨県,笛吹市,一宮町塩田
4050065,山梨県,笛吹市,一宮町新巻
4050066,山梨県,笛吹市,一宮町神沢
4050067,山梨県,笛吹市,一宮町土塚
4050068,山梨県,笛吹市,一宮町狐新居
4050069,山梨県,笛吹市,一宮町東新居
4050071,山梨県,笛吹市,一宮町北都塚
4050072,山梨県,笛吹市,一宮町本都塚
4050073,山梨県,笛吹市,一宮町末木
4050074,山梨県,笛吹市,一宮町国分
4050075,山梨県,笛吹市,一宮町東原
4050075,山梨県,笛吹市,一宮町橋立
4050076,山梨県,笛吹市,一宮町竹原田
4050077,山梨県,笛吹市,一宮町坪井
4050078,山梨県,笛吹市,一宮町田中
4050079,山梨県,笛吹市,一宮町金田
4058501,山梨県,山梨市,小原西９５５
4058555,山梨県,笛吹市,一宮町末木８０７−６
4058577,山梨県,笛吹市,一宮町市之蔵７０７
4058585,山梨県,山梨市,上神内川７３８
4060000,山梨県,笛吹市,
4060001,山梨県,笛吹市,春日居町下岩下
4060002,山梨県,笛吹市,春日居町別田
4060003,山梨県,笛吹市,春日居町桑戸
4060004,山梨県,笛吹市,春日居町小松
4060005,山梨県,笛吹市,春日居町加茂
4060011,山梨県,笛吹市,春日居町徳条
4060012,山梨県,笛吹市,春日居町熊野堂
4060013,山梨県,笛吹市,春日居町寺本
4060014,山梨県,笛吹市,春日居町国府
4060015,山梨県,笛吹市,春日居町鎮目
4060021,山梨県,笛吹市,石和町松本
4060022,山梨県,笛吹市,石和町山崎
4060023,山梨県,笛吹市,石和町八田
4060024,山梨県,笛吹市,石和町川中島
4060025,山梨県,笛吹市,石和町上平井
4060026,山梨県,笛吹市,石和町中川
4060027,山梨県,笛吹市,石和町下平井
4060028,山梨県,笛吹市,石和町駅前
4060031,山梨県,笛吹市,石和町市部
4060032,山梨県,笛吹市,石和町四日市場
4060033,山梨県,笛吹市,石和町小石和
4060034,山梨県,笛吹市,石和町唐柏
4060035,山梨県,笛吹市,石和町広瀬
4060036,山梨県,笛吹市,石和町窪中島
4060041,山梨県,笛吹市,石和町東高橋
4060042,山梨県,笛吹市,石和町今井
4060043,山梨県,笛吹市,石和町河内
4060044,山梨県,笛吹市,石和町砂原
4060045,山梨県,笛吹市,石和町井戸
4060046,山梨県,笛吹市,石和町東油川
4060801,山梨県,笛吹市,御坂町成田
4060802,山梨県,笛吹市,御坂町金川原
4060803,山梨県,笛吹市,御坂町井之上
4060804,山梨県,笛吹市,御坂町夏目原
4060805,山梨県,笛吹市,御坂町栗合
4060806,山梨県,笛吹市,御坂町八千蔵
4060807,山梨県,笛吹市,御坂町二之宮
4060808,山梨県,笛吹市,御坂町国衙
4060811,山梨県,笛吹市,御坂町下野原
4060812,山梨県,笛吹市,御坂町下黒駒
4060813,山梨県,笛吹市,御坂町上黒駒
4060814,山梨県,笛吹市,御坂町藤野木
4060815,山梨県,笛吹市,御坂町尾山
4060816,山梨県,笛吹市,御坂町竹居
4060817,山梨県,笛吹市,御坂町大野寺
4060818,山梨県,笛吹市,御坂町蕎麦塚
4060821,山梨県,笛吹市,八代町北
4060822,山梨県,笛吹市,八代町南
4060823,山梨県,笛吹市,八代町永井
4060824,山梨県,笛吹市,八代町増利
4060825,山梨県,笛吹市,八代町大間田
4060831,山梨県,笛吹市,八代町高家
4060832,山梨県,笛吹市,八代町竹居
4060833,山梨県,笛吹市,八代町奈良原
4060834,山梨県,笛吹市,八代町岡
4060835,山梨県,笛吹市,八代町米倉
4060841,山梨県,笛吹市,境川町大坪
4060842,山梨県,笛吹市,境川町石橋
4060843,山梨県,笛吹市,境川町前間田
4060844,山梨県,笛吹市,境川町小山
4060845,山梨県,笛吹市,境川町坊ケ峰
4060846,山梨県,笛吹市,境川町三椚
4060851,山梨県,笛吹市,境川町小黒坂
4060852,山梨県,笛吹市,境川町大黒坂
4060853,山梨県,笛吹市,境川町藤垈
4060854,山梨県,笛吹市,境川町寺尾
4060855,山梨県,笛吹市,境川町大窪
4068505,山梨県,笛吹市,春日居町寺本１３６
4068510,山梨県,笛吹市,石和町市部７７７
4068555,山梨県,笛吹市,八代町南９１７
4068558,山梨県,笛吹市,石和町唐柏１０００−４
4068601,山梨県,笛吹市,石和町広瀬７８５東八代合同庁舎内
4070000,山梨県,韮崎市,
4070001,山梨県,韮崎市,藤井町駒井
4070002,山梨県,韮崎市,藤井町坂井
4070003,山梨県,韮崎市,藤井町北下條
4070004,山梨県,韮崎市,藤井町南下條
4070005,山梨県,韮崎市,一ツ谷
4070006,山梨県,韮崎市,下祖母石
4070007,山梨県,韮崎市,上祖母石
4070011,山梨県,韮崎市,上ノ山
4070012,山梨県,韮崎市,岩下
4070013,山梨県,韮崎市,中島
4070014,山梨県,韮崎市,富士見
4070015,山梨県,韮崎市,若宮
4070021,山梨県,韮崎市,富士見ケ丘
4070022,山梨県,韮崎市,水神
4070023,山梨県,韮崎市,中央町
4070024,山梨県,韮崎市,本町
4070025,山梨県,韮崎市,栄
4070031,山梨県,韮崎市,龍岡町若尾新田
4070032,山梨県,韮崎市,龍岡町下條東割
4070033,山梨県,韮崎市,龍岡町下條南割
4070034,山梨県,韮崎市,大草町下條中割
4070035,山梨県,韮崎市,大草町下條西割
4070036,山梨県,韮崎市,大草町上條東割
4070037,山梨県,韮崎市,大草町若尾
4070041,山梨県,韮崎市,神山町武田
4070042,山梨県,韮崎市,神山町北宮地
4070043,山梨県,韮崎市,神山町鍋山
4070044,山梨県,韮崎市,旭町上條北割
4070045,山梨県,韮崎市,旭町上條中割
4070046,山梨県,韮崎市,旭町上條南割
4070051,山梨県,韮崎市,円野町上円井
4070052,山梨県,韮崎市,円野町下円井
4070053,山梨県,韮崎市,円野町入戸野
4070054,山梨県,韮崎市,清哲町折居
4070055,山梨県,韮崎市,清哲町青木
4070057,山梨県,韮崎市,清哲町樋口
4070058,山梨県,韮崎市,清哲町水上
4070171,山梨県,韮崎市,穂坂町柳平
4070172,山梨県,韮崎市,穂坂町上今井
4070173,山梨県,韮崎市,穂坂町長久保
4070174,山梨県,韮崎市,穂坂町三ツ沢
4070175,山梨県,韮崎市,穂坂町宮久保
4070176,山梨県,韮崎市,穂坂町三之蔵
4070192,山梨県,韮崎市,穂坂町三ツ澤６５０
4070261,山梨県,韮崎市,中田町小田川
4070262,山梨県,韮崎市,中田町中條
4070263,山梨県,韮崎市,穴山町
4070301,山梨県,北杜市,高根町清里
4070302,山梨県,北杜市,高根町浅川
4070311,山梨県,北杜市,大泉町西井出８２４０−１
4070321,山梨県,北杜市,須玉町上津金
4070322,山梨県,北杜市,須玉町下津金
4078501,山梨県,韮崎市,水神１丁目３−１
4078502,山梨県,韮崎市,富士見ケ丘２−１−１１
4078511,山梨県,韮崎市,藤井町北下條２３８１−１
4078549,山梨県,韮崎市,上ノ山３１８０
4078555,山梨県,韮崎市,大草町下條西割１２００
4080000,山梨県,北杜市,
4080001,山梨県,北杜市,高根町長沢
4080002,山梨県,北杜市,高根町村山北割
4080003,山梨県,北杜市,高根町東井出
4080004,山梨県,北杜市,高根町堤
4080011,山梨県,北杜市,高根町箕輪新町
4080012,山梨県,北杜市,高根町箕輪
4080013,山梨県,北杜市,高根町蔵原
4080014,山梨県,北杜市,高根町小池
4080015,山梨県,北杜市,高根町下黒澤
4080016,山梨県,北杜市,高根町上黒澤
4080017,山梨県,北杜市,高根町五町田
4080018,山梨県,北杜市,高根町村山西割
4080019,山梨県,北杜市,高根町村山東割
4080021,山梨県,北杜市,長坂町長坂上条
4080022,山梨県,北杜市,長坂町塚川
4080023,山梨県,北杜市,長坂町渋沢
4080024,山梨県,北杜市,長坂町富岡
4080025,山梨県,北杜市,長坂町長坂下条
4080026,山梨県,北杜市,長坂町日野
4080031,山梨県,北杜市,長坂町小荒間
4080032,山梨県,北杜市,長坂町大井ケ森
4080033,山梨県,北杜市,長坂町白井沢
4080034,山梨県,北杜市,長坂町大八田
4080035,山梨県,北杜市,長坂町夏秋
4080036,山梨県,北杜市,長坂町中丸
4080037,山梨県,北杜市,長坂町中島
4080041,山梨県,北杜市,小淵沢町上笹尾
4080042,山梨県,北杜市,小淵沢町松向
4080043,山梨県,北杜市,小淵沢町下笹尾
4080044,山梨県,北杜市,小淵沢町
4080101,山梨県,北杜市,須玉町小尾
4080102,山梨県,北杜市,須玉町比志
4080103,山梨県,北杜市,須玉町江草
4080104,山梨県,北杜市,須玉町小倉
4080105,山梨県,北杜市,須玉町東向
4080111,山梨県,北杜市,須玉町穴平
4080112,山梨県,北杜市,須玉町若神子
4080113,山梨県,北杜市,須玉町大蔵
4080114,山梨県,北杜市,須玉町藤田
4080115,山梨県,北杜市,須玉町大豆生田
4080116,山梨県,北杜市,須玉町境之澤
4080117,山梨県,北杜市,須玉町若神子新町
4080188,山梨県,北杜市,須玉町大豆生田９６１番地１
4080192,山梨県,北杜市,須玉町若神子２１５５
4080201,山梨県,北杜市,明野町浅尾
4080202,山梨県,北杜市,明野町小笠原
4080203,山梨県,北杜市,明野町三之蔵
4080204,山梨県,北杜市,明野町上手
4080205,山梨県,北杜市,明野町浅尾新田
4080206,山梨県,北杜市,明野町下神取
4080207,山梨県,北杜市,明野町上神取
4080301,山梨県,北杜市,武川町三吹
4080302,山梨県,北杜市,武川町牧原
4080303,山梨県,北杜市,武川町宮脇
4080304,山梨県,北杜市,武川町新奥
4080305,山梨県,北杜市,武川町黒澤
4080306,山梨県,北杜市,武川町山高
4080307,山梨県,北杜市,武川町柳澤
4080311,山梨県,北杜市,白州町花水
4080312,山梨県,北杜市,白州町台ケ原
4080313,山梨県,北杜市,白州町横手
4080314,山梨県,北杜市,白州町大坊
4080315,山梨県,北杜市,白州町白須
4080316,山梨県,北杜市,白州町鳥原
4080317,山梨県,北杜市,白州町下教来石
4080318,山梨県,北杜市,白州町上教来石
4080319,山梨県,北杜市,白州町大武川
4088511,山梨県,北杜市,高根町村山北割３２６１番地
4088515,山梨県,北杜市,長坂町長坂上条２０４０
4088522,山梨県,北杜市,小淵沢町２９６１
4088533,山梨県,北杜市,小淵沢町上笹尾３１８１
4088550,山梨県,北杜市,長坂町中丸３２８０
4088555,山梨県,北杜市,小淵沢町８３５
4088585,山梨県,北杜市,長坂町長坂上条２５７５−１９
4090100,山梨県,上野原市,
4090111,山梨県,上野原市,棡原
4090112,山梨県,上野原市,上野原
4090113,山梨県,上野原市,新田
4090114,山梨県,上野原市,鶴島
4090115,山梨県,上野原市,松留
4090121,山梨県,上野原市,四方津
4090122,山梨県,上野原市,川合
4090123,山梨県,上野原市,大野
4090124,山梨県,上野原市,犬目
4090125,山梨県,上野原市,野田尻
4090126,山梨県,上野原市,コモアしおつ
4090131,山梨県,上野原市,大曽根
4090132,山梨県,上野原市,鶴川
4090133,山梨県,上野原市,八ツ沢
4090134,山梨県,上野原市,大椚
4090135,山梨県,上野原市,芦垣
4090136,山梨県,上野原市,桑久保
4090137,山梨県,上野原市,和見
4090138,山梨県,上野原市,大倉
4090141,山梨県,上野原市,西原
4090142,山梨県,北都留郡小菅村,小菅村
4090192,山梨県,上野原市,上野原３８３２
4090193,山梨県,上野原市,八ツ沢２５２５
4090195,山梨県,上野原市,上野原３２００
4090198,山梨県,上野原市,上野原８１５４−１９
4090200,山梨県,北都留郡小菅村,
4090211,山梨県,北都留郡小菅村,小菅村
4090300,山梨県,北都留郡丹波山村,
4090301,山梨県,北都留郡丹波山村,奥秋
4090302,山梨県,北都留郡丹波山村,上組
4090303,山梨県,北都留郡丹波山村,中組
4090304,山梨県,北都留郡丹波山村,下組
4090305,山梨県,北都留郡丹波山村,高尾
4090306,山梨県,北都留郡丹波山村,押垣外
4090311,山梨県,北都留郡丹波山村,保之瀬
4090312,山梨県,北都留郡丹波山村,高畑
4090313,山梨県,北都留郡丹波山村,親川
4090314,山梨県,北都留郡丹波山村,御祭
4090315,山梨県,北都留郡丹波山村,杉奈久保
4090316,山梨県,北都留郡丹波山村,所畑
4090317,山梨県,北都留郡丹波山村,小袖
4090318,山梨県,北都留郡丹波山村,鴨沢
4090501,山梨県,大月市,富浜町宮谷
4090502,山梨県,大月市,富浜町鳥沢
4090503,山梨県,大月市,梁川町綱の上
4090504,山梨県,大月市,梁川町新倉
4090505,山梨県,大月市,梁川町塩瀬
4090506,山梨県,大月市,梁川町立野
4090611,山梨県,大月市,猿橋町小篠
4090612,山梨県,大月市,猿橋町藤崎
4090613,山梨県,大月市,猿橋町伊良原
4090614,山梨県,大月市,猿橋町猿橋
4090615,山梨県,大月市,猿橋町朝日小沢
4090616,山梨県,大月市,猿橋町小沢
4090617,山梨県,大月市,猿橋町殿上
4090618,山梨県,大月市,猿橋町桂台
4090621,山梨県,大月市,七保町浅川
4090622,山梨県,大月市,七保町下和田
4090623,山梨県,大月市,七保町葛野
4090624,山梨県,大月市,七保町林
4090625,山梨県,大月市,七保町奈良子
4090626,山梨県,大月市,七保町瀬戸
4090627,山梨県,大月市,七保町駒宮
4091201,山梨県,甲州市,大和町木賊
4091202,山梨県,甲州市,大和町田野
4091203,山梨県,甲州市,大和町初鹿野
4091204,山梨県,甲州市,大和町日影
4091205,山梨県,甲州市,大和町鶴瀬
4091211,山梨県,甲州市,塩山上萩原
4091212,山梨県,甲州市,塩山中萩原
4091213,山梨県,甲州市,塩山牛奥
4091298,山梨県,甲州市,大和町初鹿野１６９３−１
4091301,山梨県,甲州市,勝沼町中原
4091302,山梨県,甲州市,勝沼町菱山
4091303,山梨県,甲州市,勝沼町小佐手
4091304,山梨県,甲州市,勝沼町休息
4091305,山梨県,甲州市,勝沼町綿塚
4091306,山梨県,甲州市,勝沼町山
4091311,山梨県,甲州市,勝沼町深沢
4091312,山梨県,甲州市,勝沼町上岩崎
4091313,山梨県,甲州市,勝沼町下岩崎
4091314,山梨県,甲州市,勝沼町藤井
4091315,山梨県,甲州市,勝沼町等々力
4091316,山梨県,甲州市,勝沼町勝沼
4091321,山梨県,甲州市,塩山牛奥
4091392,山梨県,甲州市,勝沼町勝沼７５６−１
4091501,山梨県,北杜市,大泉町西井出
4091502,山梨県,北杜市,大泉町谷戸
4092100,山梨県,南巨摩郡南部町,
4092101,山梨県,南巨摩郡南部町,楮根
4092102,山梨県,南巨摩郡南部町,福士
4092103,山梨県,南巨摩郡南部町,万沢
4092192,山梨県,南巨摩郡南部町,福士２８５０５−２
4092193,山梨県,南巨摩郡南部町,福士２７０５−３
4092194,山梨県,南巨摩郡南部町,万沢７４８３
4092195,山梨県,南巨摩郡南部町,万沢７０７９−１
4092196,山梨県,南巨摩郡南部町,福士２８５０５−４
4092211,山梨県,南巨摩郡南部町,中野
4092212,山梨県,南巨摩郡南部町,南部
4092213,山梨県,南巨摩郡南部町,大和
4092214,山梨県,南巨摩郡南部町,塩沢
4092215,山梨県,南巨摩郡南部町,柳島
4092216,山梨県,南巨摩郡南部町,成島
4092217,山梨県,南巨摩郡南部町,本郷
4092301,山梨県,南巨摩郡南部町,上佐野
4092302,山梨県,南巨摩郡南部町,下佐野
4092303,山梨県,南巨摩郡南部町,十島
4092304,山梨県,南巨摩郡南部町,井出
4092305,山梨県,南巨摩郡南部町,内船
4092398,山梨県,南巨摩郡南部町,内船４４７３−１
4092401,山梨県,南巨摩郡身延町,上八木沢
4092402,山梨県,南巨摩郡身延町,下八木沢
4092403,山梨県,南巨摩郡身延町,帯金
4092404,山梨県,南巨摩郡身延町,大垈
4092405,山梨県,南巨摩郡身延町,椿草里
4092406,山梨県,南巨摩郡身延町,大崩
4092411,山梨県,南巨摩郡身延町,丸滝
4092412,山梨県,南巨摩郡身延町,角打
4092413,山梨県,南巨摩郡身延町,和田
4092414,山梨県,南巨摩郡身延町,樋之上
4092415,山梨県,南巨摩郡身延町,大島
4092500,山梨県,南巨摩郡身延町,
4092521,山梨県,南巨摩郡身延町,粟倉
4092522,山梨県,南巨摩郡身延町,下山
4092523,山梨県,南巨摩郡身延町,波木井
4092524,山梨県,南巨摩郡身延町,身延
4092531,山梨県,南巨摩郡身延町,梅平
4092532,山梨県,南巨摩郡身延町,大野
4092533,山梨県,南巨摩郡身延町,清子
4092534,山梨県,南巨摩郡身延町,光子沢
4092535,山梨県,南巨摩郡身延町,横根中
4092536,山梨県,南巨摩郡身延町,相又
4092537,山梨県,南巨摩郡身延町,大城
4092538,山梨県,南巨摩郡身延町,門野
4092539,山梨県,南巨摩郡身延町,小田船原
4092592,山梨県,南巨摩郡身延町,梅平２４８３−３６
4092593,山梨県,南巨摩郡身延町,身延３５６７
4092597,山梨県,南巨摩郡身延町,身延３５６７
4092598,山梨県,南巨摩郡身延町,下山２７９
4092700,山梨県,南巨摩郡早川町,
4092701,山梨県,南巨摩郡早川町,奈良田
4092702,山梨県,南巨摩郡早川町,湯島
4092703,山梨県,南巨摩郡早川町,新倉
4092704,山梨県,南巨摩郡早川町,大原野
4092705,山梨県,南巨摩郡早川町,早川
4092711,山梨県,南巨摩郡早川町,黒桂
4092712,山梨県,南巨摩郡早川町,西之宮
4092713,山梨県,南巨摩郡早川町,保
4092714,山梨県,南巨摩郡早川町,草塩
4092715,山梨県,南巨摩郡早川町,京ケ島
4092721,山梨県,南巨摩郡早川町,塩之上
4092722,山梨県,南巨摩郡早川町,笹走
4092723,山梨県,南巨摩郡早川町,榑坪
4092724,山梨県,南巨摩郡早川町,初鹿島
4092725,山梨県,南巨摩郡早川町,小縄
4092726,山梨県,南巨摩郡早川町,千須和
4092727,山梨県,南巨摩郡早川町,薬袋
4092731,山梨県,南巨摩郡早川町,大島
4092732,山梨県,南巨摩郡早川町,高住
4092733,山梨県,南巨摩郡早川町,赤沢
4092734,山梨県,南巨摩郡早川町,雨畑
4092931,山梨県,南巨摩郡身延町,北川
4092932,山梨県,南巨摩郡身延町,杉山
4092933,山梨県,南巨摩郡身延町,岩欠
4092934,山梨県,南巨摩郡身延町,大炊平
4092935,山梨県,南巨摩郡身延町,清沢
4092936,山梨県,南巨摩郡身延町,常葉
4092937,山梨県,南巨摩郡身延町,一色
4092938,山梨県,南巨摩郡身延町,市之瀬
4092941,山梨県,南巨摩郡身延町,湯之奥
4092942,山梨県,南巨摩郡身延町,下部
4092943,山梨県,南巨摩郡身延町,川向
4092944,山梨県,南巨摩郡身延町,桃ケ窪
4092945,山梨県,南巨摩郡身延町,波高島
4092946,山梨県,南巨摩郡身延町,大子
4092947,山梨県,南巨摩郡身延町,上之平
4092992,山梨県,南巨摩郡身延町,常葉１０２５
4093101,山梨県,南巨摩郡身延町,折門
4093102,山梨県,南巨摩郡身延町,八坂
4093103,山梨県,南巨摩郡身延町,根子
4093104,山梨県,南巨摩郡身延町,中之倉
4093105,山梨県,南巨摩郡身延町,釜額
4093106,山梨県,南巨摩郡身延町,古関
4093107,山梨県,南巨摩郡身延町,瀬戸
4093111,山梨県,南巨摩郡身延町,大磯小磯
4093112,山梨県,南巨摩郡身延町,芝草
4093113,山梨県,南巨摩郡身延町,水船
4093114,山梨県,南巨摩郡身延町,道
4093115,山梨県,南巨摩郡身延町,切房木
4093116,山梨県,南巨摩郡身延町,車田
4093117,山梨県,南巨摩郡身延町,三沢
4093118,山梨県,南巨摩郡身延町,上田原
4093121,山梨県,南巨摩郡身延町,大山
4093122,山梨県,南巨摩郡身延町,久保
4093123,山梨県,南巨摩郡身延町,熊沢
4093124,山梨県,南巨摩郡身延町,樋田
4093125,山梨県,南巨摩郡身延町,嶺
4093126,山梨県,南巨摩郡身延町,山家
4093231,山梨県,西八代郡市川三郷町,落居
4093232,山梨県,西八代郡市川三郷町,寺所
4093233,山梨県,西八代郡市川三郷町,五八
4093234,山梨県,西八代郡市川三郷町,岩下
4093241,山梨県,西八代郡市川三郷町,葛籠沢
4093242,山梨県,西八代郡市川三郷町,宮原
4093243,山梨県,西八代郡市川三郷町,鴨狩津向
4093244,山梨県,西八代郡市川三郷町,岩間
4093245,山梨県,西八代郡市川三郷町,楠甫
4093293,山梨県,西八代郡市川三郷町,岩間２１４７
4093301,山梨県,南巨摩郡身延町,西嶋
4093302,山梨県,南巨摩郡身延町,手打沢
4093303,山梨県,南巨摩郡身延町,寺沢
4093304,山梨県,南巨摩郡身延町,切石
4093305,山梨県,南巨摩郡身延町,下田原
4093306,山梨県,南巨摩郡身延町,夜子沢
4093307,山梨県,南巨摩郡身延町,日向南沢
4093311,山梨県,南巨摩郡身延町,大塩
4093312,山梨県,南巨摩郡身延町,久成
4093313,山梨県,南巨摩郡身延町,平須
4093392,山梨県,南巨摩郡身延町,切石３５０
4093393,山梨県,南巨摩郡身延町,西嶋３５２５
4093421,山梨県,南巨摩郡身延町,八日市場
4093422,山梨県,南巨摩郡身延町,宮木
4093423,山梨県,南巨摩郡身延町,飯富
4093424,山梨県,南巨摩郡身延町,伊沼
4093431,山梨県,南巨摩郡身延町,矢細工
4093432,山梨県,南巨摩郡身延町,中山
4093433,山梨県,南巨摩郡身延町,遅沢
4093434,山梨県,南巨摩郡身延町,江尻窪
4093435,山梨県,南巨摩郡身延町,梨子
4093436,山梨県,南巨摩郡身延町,福原
4093437,山梨県,南巨摩郡身延町,古長谷
4093600,山梨県,西八代郡市川三郷町,
4093601,山梨県,西八代郡市川三郷町,市川大門
4093602,山梨県,西八代郡市川三郷町,山保
4093603,山梨県,西八代郡市川三郷町,黒沢
4093604,山梨県,西八代郡市川三郷町,八之尻
4093605,山梨県,西八代郡市川三郷町,下大鳥居
4093606,山梨県,西八代郡市川三郷町,高田
4093607,山梨県,西八代郡市川三郷町,印沢
4093611,山梨県,西八代郡市川三郷町,大塚
4093612,山梨県,西八代郡市川三郷町,上野
4093621,山梨県,西八代郡市川三郷町,下芦川
4093622,山梨県,西八代郡市川三郷町,三帳
4093623,山梨県,西八代郡市川三郷町,高萩
4093624,山梨県,西八代郡市川三郷町,垈
4093625,山梨県,西八代郡市川三郷町,中山
4093626,山梨県,西八代郡市川三郷町,畑熊
4093692,山梨県,西八代郡市川三郷町,市川大門２６０３
4093701,山梨県,笛吹市,芦川町上芦川
4093702,山梨県,笛吹市,芦川町新井原
4093703,山梨県,笛吹市,芦川町中芦川
4093704,山梨県,笛吹市,芦川町鶯宿
4093711,山梨県,甲府市,梯町
4093712,山梨県,甲府市,古関町
4093792,山梨県,甲府市,古関町１１５８
4093793,山梨県,笛吹市,芦川町中芦川５８５
4093800,山梨県,中央市,
4093800,山梨県,中巨摩郡昭和町,
4093801,山梨県,中央市,中楯
4093802,山梨県,中央市,西新居
4093803,山梨県,中央市,若宮
4093804,山梨県,中央市,井之口
4093811,山梨県,中央市,極楽寺
4093812,山梨県,中央市,乙黒
4093813,山梨県,中央市,一町畑
4093814,山梨県,中央市,町之田
4093815,山梨県,中央市,成島
4093821,山梨県,中央市,下河東
4093822,山梨県,中央市,下三條
4093823,山梨県,中央市,上三條
4093831,山梨県,中央市,大田和
4093832,山梨県,中央市,馬籠
4093833,山梨県,中央市,藤巻
4093834,山梨県,中央市,今福
4093835,山梨県,中央市,今福新田
4093841,山梨県,中央市,布施
4093842,山梨県,中央市,東花輪
4093843,山梨県,中央市,西花輪
4093844,山梨県,中央市,臼井阿原
4093845,山梨県,中央市,山之神
4093851,山梨県,中巨摩郡昭和町,河西
4093852,山梨県,中巨摩郡昭和町,飯喰
4093853,山梨県,中巨摩郡昭和町,築地新居
4093854,山梨県,中巨摩郡昭和町,築地新田
4093861,山梨県,中巨摩郡昭和町,紙漉阿原
4093862,山梨県,中巨摩郡昭和町,上河東
4093863,山梨県,中巨摩郡昭和町,河東中島
4093864,山梨県,中巨摩郡昭和町,押越
4093865,山梨県,中巨摩郡昭和町,西条新田
4093866,山梨県,中巨摩郡昭和町,西条
4093867,山梨県,中巨摩郡昭和町,清水新居
4093880,山梨県,中巨摩郡昭和町,押越５４２−２
4093881,山梨県,中巨摩郡昭和町,築地新居２０００（田富郵便局私書箱第２号）
4093883,山梨県,中巨摩郡昭和町,紙漉阿原１０００番地
4093885,山梨県,中央市,山之神流通団地１−１−１
4093887,山梨県,中央市,山之神流通団地北２
4093888,山梨県,中央市,山之神流通団地１−７−１（田富郵便局私書箱第７号）
4093889,山梨県,中央市,西花輪２６８０
4093892,山梨県,中央市,臼井阿原３０１−１
4093893,山梨県,中央市,成島２２６６
4093894,山梨県,中央市,中楯８２５
4093895,山梨県,中巨摩郡昭和町,紙漉阿原１３７５
4093896,山梨県,中央市,一町畑２１７
4093897,山梨県,中巨摩郡昭和町,西条３６００
4093898,山梨県,中央市,下河東１１１０
